10011
10012
10013
10015
10018
1002
10020
10021
10022
10028
1003
10032
10038
1004
10041
1005
10057
10077
10079
1008
10082
10083
10085
10086
10089
10092
10094
10103
10105
1011
10123
1013
10138
10143
10146
10148
10149
10154
10155
10168
10182
10183
1019
10205
10221
10222
10254
10256
1026
10264
10290
10303
10304
10309
10348
10351
10354
10357
10359
10362
10394
10428
10429
10430
10463
10466
10469
10470
10487
10488
10489
1049
10490
10500
10515
10519
10520
10522
10529
10543
10544
10545
10548
10550
10552
10554
10560
10562
10565
10566
1057
10573
10575
10578
10579
10580
1060
10605
10607
10608
10622
10624
10625
1064
10640
10641
10647
10649
1065
10667
10668
1067
1068
10683
10684
10685
10688
10689
1069
10691
10696
1070
10702
10703
10705
10715
10717
1072
1073
1074
10747
1075
10750
10757
10763
10764
10765
10767
1077
10770
10774
10775
1078
10782
10783
10788
1079
10790
10792
10794
1080
10802
10803
10809
1081
10814
10816
10817
1082
10822
10824
10825
1083
10837
10850
10852
10853
10855
10857
10866
10867
10868
10871
10872
10873
10876
10879
10883
10888
10889
10891
10892
10894
10897
10898
10912
10913
10917
10925
10928
10929
10930
10934
10935
10952
10954
10955
10959
1096
10960
10961
10965
10966
10968
10971
10985
10987
1099
10994
10996
10999
1100
11003
11004
11005
11023
11025
11027
11028
11030
11033
11036
11037
11039
11060
11062
11066
11067
11069
11070
11072
11077
11079
11086
11088
11089
11097
11100
11104
11107
11109
11110
11111
11114
11116
11117
11122
11125
11128
11129
11134
11138
11143
11145
11149
11156
11161
11164
11167
11170
11174
11177
11178
11179
11180
11181
11186
11188
11190
11191
11192
11195
11196
11199
11200
11202
11212
11213
11214
11216
11223
11224
11231
11232
11233
11234
11235
11237
11242
11246
11260
11264
11265
11266
11270
11272
11287
11288
113
11306
11315
11316
11318
11321
11326
11328
11353
11354
11358
11376
11377
11384
11385
1139
11392
11396
11398
11400
11404
11414
11415
11416
11421
11422
11423
11432
11433
11444
11457
11458
1146
11481
11483
11484
11485
11494
11495
11502
11509
1151
11511
11512
11513
11520
1154
11546
11547
11549
11556
11594
11598
11599
1160
11601
11604
11608
11609
11610
11619
11620
11623
11624
11625
11628
11631
11632
11634
11636
11637
11643
11644
11653
11654
11656
11659
1166
11660
11662
11663
11665
11666
11667
11668
11669
11671
11673
11674
11679
11687
11688
11691
11693
11694
11697
11698
11699
11702
11708
11712
11722
11727
11728
11729
1174
11750
11753
11754
11757
11762
11764
11767
118
11822
11826
11830
1184
11845
11846
11850
11851
11854
1187
11877
11879
11880
11881
11887
11890
119
11904
11905
11906
11909
11913
11914
11915
11916
11917
11918
11920
11921
11922
11925
11926
11932
11934
11938
11940
11941
11942
11943
11945
11948
11950
11955
11956
11957
11958
1196
11980
1199
11995
11996
120
1200
12005
12006
12008
12010
12011
12013
12015
12017
12018
12019
12022
12023
12024
12025
12029
12031
12033
12039
12040
1206
1207
12072
12074
1208
121
12113
12116
12119
12121
12123
12124
12131
12133
12134
12140
12141
12143
12145
12147
12148
12150
12156
12157
12158
12162
12164
12170
12171
12179
12182
12183
122
12205
12234
12252
12257
12258
12259
12264
12267
12273
12274
12275
12276
12278
12280
12284
12287
12296
12303
12305
12306
12307
12308
12315
12316
12319
12359
12360
12362
12363
12364
12367
12376
12378
12381
12382
12386
12387
12396
124
12402
12404
12406
12421
12424
12450
12452
12488
12489
12491
12519
12528
12532
12535
12568
12571
12573
12574
12579
12581
12586
12589
12590
12603
12609
12611
12618
1262
12624
12632
12633
12640
12643
12645
12647
12650
12652
12654
12656
12657
12659
1266
12661
12672
12676
12677
1268
12685
12686
12692
12695
12696
12697
12698
1270
12701
1271
12712
12713
12714
12716
12717
12718
1272
12720
12721
12723
12724
12728
12730
12731
12733
12735
1274
12743
12746
12747
12748
1275
12750
12754
12755
12756
12767
1277
12770
12771
12773
12774
12775
12778
1278
12787
12791
12794
12795
128
12829
12830
12832
12837
12839
12841
12842
12843
12844
12845
12848
12849
12850
12855
12856
12859
1286
12860
12861
12862
12863
12864
12865
12866
12872
12876
12879
12889
12895
129
12905
12909
1294
1295
12961
12962
12964
12967
12970
12986
12993
12997
12998
13002
13003
13005
13008
1301
13031
13035
13037
1306
13066
13067
1307
13070
13074
13076
13077
13078
13079
13080
1309
13094
13095
1311
1313
13130
13132
13134
13135
13136
13137
1314
1315
13160
13165
13186
13188
13209
13210
13254
13257
13279
13280
13281
13282
13284
13296
13297
13299
13300
13314
13319
13326
13359
13362
13364
13367
13371
13373
13375
13380
13382
13383
13386
13390
13392
13394
13395
134
13407
13408
13409
13412
13413
13414
13415
13416
13419
13420
13425
13427
13428
13429
13431
13432
13433
13434
13443
13445
13446
13447
13450
13455
13456
13457
13460
13464
1347
13479
13480
13485
13489
13490
13499
13501
13502
13503
13504
13505
13507
13509
13511
1353
1355
13560
13565
13568
13569
1357
136
13609
13615
13616
13623
13625
13626
13627
13628
13629
13630
13637
13640
13653
13655
13659
13663
13670
1368
13687
13688
13689
13693
13694
13695
13697
13699
1370
13701
13702
13703
13705
1371
13711
13715
13717
13718
1372
1373
1374
13742
13754
13758
1376
13771
13772
13774
13775
13779
1378
13789
13798
1381
1382
13828
13831
13832
13837
13839
13856
1386
13862
13871
13872
13873
13875
13876
13881
13889
13891
13893
13894
13895
13896
13897
13899
13900
13901
13902
13904
13905
13906
13907
13908
13909
13910
13911
13912
13913
13914
13915
13916
13917
13941
13945
13956
13957
1396
13962
13963
13964
13965
13971
13972
13979
13980
13982
13985
13986
13989
13990
13993
14019
14027
14032
14046
14049
14050
14051
14053
14065
14075
14078
14079
14080
14085
14088
14090
14092
14101
14112
14114
14116
14118
14120
14121
14129
14131
14132
14133
14134
14135
14137
14138
14139
14141
14145
14148
14150
14151
14154
14156
14158
14161
14165
14169
1417
14177
1421
14214
14217
1424
14244
14248
1425
14250
14251
14252
14254
14255
14257
14258
14262
14273
14279
1428
14281
1429
14314
14315
14316
14317
14320
14322
14324
1433
14332
14338
14347
14351
14352
14353
1436
14367
14370
14372
14374
14378
14379
14380
14389
14395
14408
14409
14411
14412
14413
14414
14415
14440
14449
14452
14453
14455
14458
14460
14464
14465
14467
14476
14491
14494
14496
14497
14498
14501
14503
14537
14540
14541
14543
14545
14546
14548
14549
14550
14551
14553
14554
14578
14579
14590
146
14600
14609
14613
14615
14629
14630
14631
14632
14634
14635
14661
14673
14678
14681
14688
14689
14690
147
14711
14715
14716
14717
14720
14721
14726
14731
14733
14734
14739
14740
14751
14755
14760
14770
14771
14773
1478
14780
14781
14782
14783
14785
14787
14788
14793
14801
14802
14809
14815
14819
14821
14827
14828
14831
14833
14834
14836
14839
1484
14841
14847
14848
14849
14853
1486
14872
14873
14876
14878
14879
14883
14884
14888
14889
14895
14915
14917
14922
14938
14939
14941
14944
14972
14974
14978
14981
14987
14991
14992
14993
14996
15006
15013
15015
15016
15017
15019
15020
15023
1503
1504
1505
1506
15060
15062
15065
15069
1507
15086
15090
1510
15109
15111
15119
15122
15131
15142
15143
15144
15145
15146
15148
15149
15156
1516
15167
15176
15177
1518
15234
15237
15238
1524
15242
15244
15250
15251
15254
15255
15257
15258
1526
15261
15263
15269
1527
15270
15276
15279
1528
15287
15291
15300
15301
15308
15315
1532
15320
15324
15325
15330
15332
15343
15345
15360
15370
15373
15380
15387
15388
15431
15445
15447
15450
15451
15453
15455
15459
15461
15463
15464
15465
15469
15474
15475
15476
15477
15479
15482
15484
15487
15495
15497
15501
15509
15510
15512
15513
15515
15519
15520
15526
15531
15534
15536
15538
15547
1555
1556
15561
15564
15565
1558
15583
15594
15596
15621
15623
15663
15666
15671
15673
15674
15675
15676
15681
15705
15708
15710
15711
15712
15740
15741
15742
15748
15755
15760
15763
15765
15772
15779
15784
15786
15797
15798
15799
15800
15802
15803
15804
15808
15809
15815
15816
15817
15820
15889
15890
15898
15900
15904
15926
15927
15930
15932
15938
1594
15943
15945
15948
1596
15970
15972
15973
15977
15980
15983
16
16027
16029
16040
16041
16042
16043
16070
16071
16072
16075
16080
16087
16092
16103
16105
16106
16107
16109
16111
16112
16114
16115
16121
16123
16126
16128
16129
16180
1619
16198
16199
16200
16203
16208
1623
16241
16243
16246
16247
16249
16253
1626
16269
1627
16273
16274
16282
16287
16292
16294
16308
16310
16312
16314
16315
16316
16317
16318
1632
16321
16327
16329
16333
16344
16347
16348
16349
16350
16351
16357
16358
16359
16361
16362
16367
16369
16373
16374
16376
16377
16379
16397
164
16404
16410
16417
16418
16419
16422
1643
16436
16442
16449
16463
16469
1647
16471
16500
16503
16504
16513
1652
16523
16527
16532
16536
16542
16558
16560
16562
16563
16569
16572
16575
16576
16579
1658
16585
16587
16589
16590
16591
16593
16598
16600
16604
16605
16606
16623
16624
16625
16626
16629
16638
16639
16640
16642
16645
16649
16650
16653
16654
16659
16664
16665
16667
1667
16682
16689
16691
16692
16700
16701
16721
16732
16734
16739
16742
16743
16797
16799
16800
16801
16804
16805
16817
16820
16821
16823
16824
16828
16840
16842
16864
16866
16867
16870
16875
16876
16881
16882
16883
16884
16885
16886
16888
1689
16891
16892
16894
16902
16909
16924
16931
16951
16954
16956
16958
16962
16966
16967
16972
16973
16974
16981
16983
16984
16986
16990
16991
16995
16998
17010
17019
17021
17024
17044
17047
17051
17053
17055
17058
17060
17066
17067
17101
17107
17113
17115
17116
17117
17118
17119
17120
17121
17123
17125
17132
17181
17188
17197
17200
17201
17202
17229
17233
17234
17236
17239
17245
17246
17247
17248
17252
17255
17257
17258
17261
17265
17268
17269
17270
17272
17275
17278
173
17303
17307
17309
17325
17327
17330
17331
17337
17346
17350
17359
17365
17381
17382
17386
17392
17397
17399
17400
17402
17431
17434
1744
17442
17457
17458
17461
17463
17464
17465
17467
17468
17472
17475
1748
1749
17491
17494
17500
17503
17509
17510
17511
17516
17520
17523
17529
17532
17551
17552
17555
1756
17569
1757
17574
1758
17586
17587
17589
1759
17593
17597
17604
1761
17619
17620
1763
1764
1765
17653
1766
17668
17672
17673
1768
17682
1769
17690
17692
17732
1774
17747
17748
17751
17755
17757
17761
17768
17792
178
17816
17817
17818
17821
17825
17826
17827
17829
1783
17830
17832
17835
17838
17840
17845
17848
1785
17853
17855
17857
17858
17859
17860
1787
17870
17872
17874
1788
17880
17881
17890
17894
17895
17899
1790
17900
17903
17904
17906
17908
17909
1791
17912
1792
17922
17925
17927
17933
17934
17937
17939
17943
17945
17946
17948
17950
1796
1799
18
180
1801
18010
18016
18017
1803
18034
18036
18037
18039
18042
1805
18050
18056
18071
18073
18077
18078
1808
18083
18087
18088
18118
18120
18128
18131
18135
18140
18142
18143
18146
18147
18149
18150
18156
18158
18161
18163
18165
18187
182
18200
18201
1821
18220
18225
18233
18234
18236
18237
18239
18240
18241
18243
18244
18245
18247
18255
18259
1826
18264
18266
18267
18268
18272
18273
18274
18275
18277
18278
18279
18282
18284
18286
18288
18289
18291
18292
18294
18295
18296
18297
18318
18319
18321
18323
18353
18358
18360
18367
18368
18370
18371
18372
18378
18384
18385
184
18403
18411
18417
18420
18422
18423
18429
18434
18442
18443
18444
18449
18451
18455
18473
18492
18493
185
18504
18508
18509
18510
18512
18513
18514
18515
18516
18521
18523
18545
18547
18548
18549
18562
18565
18566
18574
18575
18576
18577
18583
18586
18587
18588
18589
18596
18597
18599
18640
18641
18642
18643
18644
18646
18647
18648
18649
18650
18651
18652
18653
18659
18661
18662
18664
1867
18672
18682
18684
18686
18688
1869
18690
187
18707
18709
18713
18715
18716
18717
18719
18723
18726
18727
1874
18745
18755
18757
1876
1877
1878
18782
18784
18787
18790
1880
18805
18823
18827
18829
1883
18830
18832
18836
18837
18838
1884
18846
1886
18860
18865
18875
18876
18877
18880
18882
18884
18889
18891
18893
18898
18908
18909
18910
18913
18914
1893
18935
18939
1894
18940
18941
18944
18945
18947
18949
18950
18953
18963
18967
18971
18972
18978
18986
190
19000
19003
19004
19019
1902
19023
19040
19044
19046
19059
19060
19063
19064
19067
19071
19073
19074
19080
19090
19098
191
1911
19113
19116
19158
19160
19173
19177
19183
19197
19201
19223
19226
19238
1924
19242
19244
19257
19259
19261
19262
19263
19264
19265
19266
19267
19269
19270
19276
19279
19282
19284
19287
19288
1929
19290
19291
19292
19294
19295
19297
19299
193
1930
19300
19302
19305
19310
1932
19323
19325
19327
19335
1934
19340
19342
19345
19346
19348
19349
1935
19350
19368
1937
19399
1940
19432
19433
19437
19441
19442
19449
19450
19452
19458
1947
1948
19498
19500
19501
19502
19503
19506
19507
1951
1952
19524
19526
19527
19529
1953
19564
19565
19566
19568
19575
19576
19577
19578
19579
19586
19588
19589
19598
19599
19602
19603
19605
19609
1961
19614
19615
19616
19617
19619
19623
1963
19632
19633
19637
19639
19640
19642
1966
19679
1968
19680
19681
19685
19689
197
19710
19712
19720
19723
19724
19725
19726
19729
19734
19745
19750
19751
19752
19759
19768
19770
19771
19775
19777
1978
19788
19789
19790
19793
19794
19798
198
19863
19864
19869
19881
19882
19884
199
19900
19901
19904
19921
19922
19928
19929
19930
19931
19932
19933
19934
19935
19936
19938
19940
19941
19946
19947
19948
19949
19951
19952
19953
19959
19964
19976
19977
19979
19982
19984
19985
19991
19992
19993
19994
19995
19996
19998
19999
20013
20014
20015
20017
20020
20025
20040
20044
20055
20059
20060
20061
201
20102
20105
20107
20126
20139
20158
20160
20163
20164
20165
20167
20173
20174
2018
2021
20231
20247
2025
20250
20253
2026
20263
20275
20276
20277
20278
20280
20281
20282
20283
20284
20285
20286
20288
20289
20300
20319
20320
20324
20338
20342
20343
20347
20376
20385
20387
20388
20389
204
2041
20422
20424
20427
20433
20434
20436
20437
20438
20440
20450
20478
20479
20482
20484
20489
20492
20498
20504
20515
20518
20534
20536
20538
20543
20547
20553
20562
20563
20564
20595
20596
20598
20599
20605
20606
20607
20609
20611
20612
20613
20614
20615
20616
20618
20621
20625
2063
20638
2065
20654
20672
2068
20683
20693
20698
20700
20705
20707
20708
20712
20714
20725
20757
20759
20760
20767
20770
20772
20774
2078
20786
20788
20789
2079
20790
20792
20793
20794
20796
208
2080
20814
20815
20844
20846
2085
20858
20861
2087
2088
20883
20884
20886
20889
2089
20894
20895
2090
20904
20906
20910
20914
2092
20927
20928
20929
2093
20932
20935
20937
2094
20956
20957
2096
20967
20971
20975
20982
20983
20986
2099
21009
21010
21014
21020
21024
21042
21059
21060
21063
21065
21069
2107
21086
21088
21091
21092
21097
21098
211
21101
21102
21103
21104
21105
21107
2111
21114
2112
21128
21129
2113
21130
21132
21133
21134
21138
21140
21143
2115
2117
21173
21177
21186
2119
2120
2121
21215
21216
2123
21230
21232
21234
21238
2124
21244
21245
21246
2125
21258
2126
21260
21261
21264
21269
2127
21273
21274
21276
21278
21280
21281
21282
21284
21286
21288
2129
21291
21292
21293
213
2131
2132
21327
21335
21338
21341
21342
21345
2139
21400
21401
21408
2141
2142
21438
2144
21440
21442
21444
21445
2145
21461
21466
21474
21475
2148
21487
21489
2149
21496
21498
21501
21505
21508
21509
21510
21511
21514
21515
21516
21517
21518
21519
2152
21525
21540
21564
21566
21567
21570
21571
21579
21580
21582
21586
21596
21597
21598
21601
21602
21606
21607
21609
21610
21613
21615
21616
21619
21622
21623
21624
21648
2165
21656
2166
21665
2167
21674
21677
21679
2168
21680
21681
21682
21686
21687
21688
21691
21694
2171
21732
21734
21740
21765
21769
21770
21772
21774
21775
21783
21805
21808
21818
21819
21820
21834
21848
21849
21851
21852
21857
21861
21863
21864
21869
21870
21871
21889
21890
21891
21892
21893
21894
21895
21899
21900
21905
21910
21912
21937
21938
2194
21944
21947
21948
21949
21950
21951
21955
21956
21959
21963
21965
21976
21986
21988
21989
21990
21991
21999
22001
22007
22008
22011
22013
22016
22022
22024
22031
22032
22044
22047
22048
2205
22053
22054
22059
22095
22098
22099
22103
22105
22111
22113
22116
22127
22130
22131
22132
22138
22148
2215
22172
22177
22182
22184
222
22205
22206
22213
22214
22219
22221
22226
22228
22232
22238
22239
22240
22241
22255
22256
22258
22274
22275
22276
22277
22278
22279
22287
22290
22291
22298
223
2230
22300
22301
22302
22305
22306
22307
22308
22312
22337
22342
22344
22345
22350
22354
2237
224
2243
22431
22448
22451
22452
22454
22456
2246
2247
22471
22478
22479
22480
22481
22482
22506
22514
22515
22521
22529
22530
2254
22542
22548
22549
22551
22552
22562
22563
22567
2257
22571
22572
22573
22574
22577
22578
22579
22580
22583
22586
22587
22592
22593
22594
22595
22597
22599
226
2260
22601
22615
22619
2262
22620
22621
22624
22632
22633
22634
22636
22637
22638
22639
22640
22642
22643
22644
22648
22650
22653
22657
22661
22662
22665
22669
22670
22673
22685
22686
22687
22688
22690
22696
22701
22703
22706
22721
22724
22726
22728
22730
22731
22732
22734
22738
22739
2274
22742
22745
22746
22747
22749
22750
22751
22755
22764
22767
22769
22774
22776
22783
22795
22803
22808
22817
22818
22825
22826
22827
22828
22829
22830
22831
22833
22834
22836
22843
22844
22850
22852
22855
22856
22859
22865
22867
22869
22872
22873
22874
22879
22882
22884
22886
2289
22890
22896
229
22901
22911
22928
2293
22933
22934
22936
2294
22947
2295
22955
2296
2297
22970
22972
2298
22983
22984
22988
2299
22995
23002
23003
23004
23005
23006
23008
23011
23012
23013
23018
23019
2302
23023
23024
23029
2303
23032
23034
23038
2304
23049
23051
23055
2307
23071
23088
23089
2309
23090
23099
2310
23100
23101
23102
23104
23107
23108
23109
2311
23116
23117
23120
23121
23123
23125
2314
23146
23153
23154
23155
23157
23159
23163
23165
23166
23168
2317
23170
23177
23182
23187
23188
2319
23198
2320
23200
23203
23205
2321
23213
2322
23236
23241
23243
2325
23253
23255
23257
23266
23268
23269
23271
23275
23287
23290
23292
23293
233
2330
23309
2331
23310
23312
23316
23318
2333
23346
23347
2336
23363
23365
23366
23367
2337
23370
23371
23372
23373
23379
2338
23381
23382
23384
23387
2339
23397
2340
2341
23411
23444
23460
23461
23462
23466
23467
23469
23470
23471
23472
23474
23475
23486
23498
23499
23502
2351
23514
2352
23529
23531
23536
23538
2354
23540
23544
23546
2355
23552
23555
23557
23560
23589
23591
23594
23598
23603
23605
23608
23610
23616
2365
23653
23654
23658
23659
23661
2367
23680
23683
23684
23686
23687
2369
23691
23692
23694
23695
23696
23697
23698
237
23700
23706
23710
23711
23712
23714
23715
23716
23719
23726
23727
23729
2373
23730
23767
23768
23784
23793
238
23803
23804
23806
23814
23823
23825
23828
23831
23832
23833
23834
23835
23836
23837
23838
23839
2384
23840
23841
23842
23843
23844
23845
23846
23847
23860
23861
23868
2387
239
23901
23909
2391
23910
23918
23921
23923
23924
23928
23929
23930
23931
23932
23933
2394
23945
2395
23950
23952
23953
23955
23957
23958
23960
23961
23962
23963
23964
23965
23967
23968
2397
23981
23983
23988
2399
23993
23994
23995
23998
24
240
24000
24002
24005
24021
24022
24023
24026
24030
24036
24038
24044
24045
24046
24047
24048
24050
24051
24052
24056
24057
24062
24094
24114
24130
24146
24156
24158
24161
24162
24175
24210
24214
24217
24236
24237
24238
24244
24250
24255
24263
24268
24278
2428
24288
2429
24294
24295
24296
24298
24300
2431
2432
24328
24329
24331
24332
24333
24334
24335
24339
24344
24345
24346
24352
24361
24366
24376
24380
24394
24403
24404
24407
2441
2442
24447
24448
24453
24472
2448
24481
24484
24488
24490
24491
24496
24501
24516
24523
24546
24551
24557
24558
24559
2456
24560
24561
24590
24593
24597
246
2460
24608
24609
24611
24613
24615
24619
24625
24644
24645
24650
24652
24654
24656
24658
24662
24663
24665
24666
24667
24669
24670
24688
24689
24699
247
24700
24703
24705
24706
24713
24714
2472
24721
24728
24737
24738
24739
24745
24753
24771
24774
24775
24776
24777
2478
24785
24786
24787
24788
24789
2479
24794
24795
24796
248
2480
24801
24803
24805
2481
24827
24833
24836
24837
24841
24844
24853
24867
24874
24891
24893
24894
24895
24916
24925
24930
24932
24933
24938
24952
24953
24957
24958
24961
24962
24966
24983
24987
24989
24991
24993
250
25000
25008
2501
25014
2502
25037
25038
25043
25046
25049
25050
25058
25060
25063
25069
25095
25098
251
2510
25102
25114
25116
25118
25125
25127
25132
25135
25136
25147
25150
25151
25159
25165
25171
25172
2518
2519
252
25214
25215
25240
25249
25250
25253
25261
25275
25279
25282
25286
25293
253
25301
25302
25305
25307
25309
25311
25314
25318
25320
25321
25323
25330
25336
25338
25352
25354
25374
25378
25379
25392
25393
25395
25396
25412
25413
25414
25433
25435
25439
25440
25441
25465
25469
25476
25482
25489
25495
25501
25502
25507
25523
25539
25541
25547
25556
25557
25561
25563
25564
25566
25567
25574
25575
25586
25587
25588
25590
25591
25592
25593
256
2561
2562
25634
25639
2566
25664
25672
25675
25678
25679
2569
25690
25692
25695
25701
25702
25719
25722
25729
25733
25736
25738
25758
25764
25766
25767
25768
25770
25772
25774
25775
25778
25787
25789
258
2580
25804
25814
25817
25819
2582
25822
25827
25829
25833
25835
25836
25837
25847
25852
25853
25858
25862
25863
25901
25903
25905
25906
25908
25909
25910
25924
25925
25955
25958
25961
25965
25967
25968
25969
25986
2599
25990
25991
26005
26006
26015
26018
2602
26020
26021
26023
26024
26026
2603
26036
26037
2604
26048
26052
26053
26054
26058
26059
2606
26062
26063
26067
2607
26070
26073
26074
26075
26080
26088
2610
26102
26103
26124
26125
26130
26145
26147
26151
26154
26155
26157
2616
26188
26190
26192
26205
26211
26215
26239
26240
26242
26244
26245
26246
26248
26251
26253
2626
26262
26263
26264
26266
26267
2627
26275
26284
26292
2630
26323
26326
26327
26329
26331
26338
26347
2636
2637
26372
26375
26377
2638
26380
26381
26384
26389
26397
26404
26415
26421
26422
26454
26455
26456
26457
26464
26466
26467
26470
26475
26480
26485
26486
26488
26540
26544
26547
26549
26550
26551
26558
2656
26560
26562
26567
26568
26569
26570
26573
26577
26589
26590
26591
26592
26595
26596
26600
26620
26622
26624
26626
26627
26630
26633
26637
26638
26642
26643
26646
26648
26650
26651
26652
26653
26673
26675
26683
26684
26685
26687
26688
26692
26693
26694
26696
26697
26698
26700
26701
26702
26703
26707
26711
26714
26715
26746
26752
26753
26754
26755
26759
26760
26763
26779
26789
26792
268
26800
26804
26810
26823
26824
26826
26830
26834
26848
26849
26851
26852
26874
26881
26882
26885
26889
26896
26897
269
26904
26909
26912
26913
26916
2692
2693
26947
26954
26955
26956
26957
26958
26966
26969
26970
26976
270
27040
27043
27050
27054
27057
27060
27064
27066
27069
27075
27076
27078
27079
27080
27083
27088
27089
27091
27096
27097
27098
27106
27111
27113
27114
27136
2714
27141
27142
27143
27145
2715
27150
27151
27152
27153
27155
27157
27158
2716
27163
27172
27175
27189
27190
27193
27194
27195
27196
27198
27199
27200
27201
27202
27203
27204
27205
27206
27207
27208
27209
27210
27211
27212
27213
27214
27215
27216
27217
27218
27219
27220
27221
27222
27233
27258
27259
2727
27282
273
2731
27314
27320
27323
27330
27331
27336
27337
27340
27341
27342
27344
27347
27359
27360
27362
27365
27366
27371
27374
27375
27377
27378
27380
27382
27384
27391
27394
274
2740
27410
27411
27429
27433
27435
27470
27473
27474
27477
27479
27480
27482
27483
27484
27485
27486
27487
27488
27490
27491
27494
27498
27499
27500
27502
27503
27504
27506
27507
27511
27512
27516
27525
27526
27529
27531
27540
27551
27567
27571
27572
27579
27580
27581
27595
27598
276
2760
27600
2761
27635
27647
27648
27649
27650
27652
27654
27655
27657
27658
27660
27665
27666
2769
27690
27691
27705
27707
27709
2771
27710
27711
27712
27719
27720
27721
27722
27723
27724
27725
27726
27727
27729
27730
27731
27732
27733
27734
27735
27738
27740
27742
27743
27744
27745
27749
27752
27753
2776
27760
27761
27764
27765
27767
27768
27769
27770
27772
27773
27774
27775
27776
27778
2778
2780
27803
27804
27805
27806
27807
27809
2781
27810
27811
27812
27814
27815
27816
2782
27820
27822
27824
27825
27828
27831
27832
27834
27836
27846
27849
2785
27851
27856
27858
2786
27860
27868
27869
2787
27871
27872
27877
27879
2788
27880
27886
27894
27900
27902
27905
27906
27910
27911
27914
27916
27917
27918
27919
2792
27920
27921
27923
27926
27929
27930
27932
27933
2794
27953
27958
27959
2796
27968
27983
27984
27986
27987
27988
27992
2800
28000
28001
28005
28006
28007
28009
28011
28013
28014
28015
28017
28020
28021
28022
28023
28025
28027
28028
28030
28031
28033
28037
2804
2806
28076
28077
2808
28082
28086
2809
28093
28119
28125
2813
28130
28131
28134
28137
28141
28143
28147
28157
28159
28160
28161
28162
28177
28181
28186
2819
28194
28195
28196
28197
282
28201
28202
28205
28207
28210
28211
28216
28217
28221
28222
28225
28228
28234
28235
28236
28237
28241
28244
28254
28261
28269
2827
28270
28277
28280
28282
28284
28285
28298
283
28302
28307
28309
28311
28315
28317
2832
28324
28326
28330
28334
28339
28346
28347
28349
28350
28352
28353
28355
28357
28358
2836
28360
28361
2838
2839
284
2840
28406
28415
28418
2842
28421
28425
28429
28447
28448
28449
28450
28453
28454
28455
28456
28457
28459
28460
28462
28475
28476
28477
28478
2848
28488
28495
28496
28499
2850
28506
28508
28509
28510
28511
28512
28513
28515
2852
28520
28522
28524
28526
28528
28530
28533
28535
28536
28538
28539
28541
28543
28548
28549
2857
28571
28572
28576
28577
28578
28581
28584
28585
28586
28587
2859
28591
28595
28599
286
2860
28601
28611
28612
28613
28615
28616
28617
28623
28626
28633
28637
28638
28642
28651
28655
28668
28670
28688
28690
28691
28694
28697
28699
287
28701
28712
28717
28733
28734
28735
28736
28737
28739
28742
28744
28745
28746
28747
28748
28751
28752
28757
28759
28767
28768
2877
2878
28780
28784
28792
28793
28796
28800
28802
2881
28820
2883
28831
28832
28835
2884
28840
28841
2885
28850
28855
28859
2886
28862
2887
28879
28880
28887
28891
28908
2891
28911
28913
28915
28917
28925
28927
28928
2893
28931
28933
28935
2894
28941
28943
28945
28946
28947
2895
28950
28951
28954
28955
28956
28957
28958
2896
28979
2898
28980
28981
28984
28986
28989
2899
28992
2901
29024
29025
29028
29035
29036
29039
29042
29043
29045
29049
29052
29053
29054
29055
29062
29064
29067
29071
29074
29075
29081
29085
291
29109
29113
29114
29115
29116
29120
29122
29124
29129
29130
29138
29139
29140
29141
29144
29147
29169
29173
29174
29175
29177
29178
29180
29198
29209
29210
29213
29226
29228
29231
29233
29234
29235
29243
29244
29246
29252
29253
29257
29258
29262
29266
29269
29272
29277
29280
29282
29283
29289
29291
29308
29309
29310
29320
29321
29330
29349
2935
29355
29358
29359
29366
29371
29374
29375
29376
29377
29378
29382
29388
29393
29394
29406
29414
29415
29417
29425
29430
29439
29442
29444
29447
29448
29450
29451
29454
29459
29460
29461
29465
29466
29469
29473
29478
29481
29509
29515
29516
29517
29518
29521
29527
29528
29541
29547
29549
29554
2958
29583
29584
29597
29598
296
2960
29606
29607
29609
29610
29613
29616
29621
29623
29665
29667
29668
29671
29673
29674
29676
29687
29688
29689
29691
29694
29695
29698
29700
29708
29743
29754
29761
29770
29771
29775
29776
29779
29783
29784
29789
29795
29797
29827
29829
29835
29836
29839
29841
29843
29848
29853
29854
29857
29858
29861
29864
29866
29868
29869
29873
29877
29882
29883
29886
29887
29889
29891
29893
29901
29904
29906
29909
29912
29914
29918
29919
29921
29922
29924
29926
29927
29928
29960
29964
29982
29984
2999
29990
300
30001
30003
30004
30011
30012
30013
30014
30024
30028
30031
30035
30037
30043
30044
30045
30047
30049
30050
30051
30052
30054
30058
30059
30061
30066
30074
30075
30076
30077
30078
30096
30098
30099
301
3011
30110
30111
30117
30118
30123
30124
30126
30127
30129
30133
30134
30142
30144
30146
30147
30148
30149
30150
30155
30156
30164
30165
30186
30191
30192
30199
30200
30212
30222
30224
30234
30238
3024
30241
30242
30244
30245
30246
30248
30262
30266
30267
30268
30271
30273
30277
30278
30280
30285
30288
30290
30298
30300
30309
30310
30312
3033
30337
30368
30369
3037
30371
30375
3038
3039
30394
30396
30397
304
3040
30401
30409
3041
30414
3042
30422
30425
30426
30429
3043
30436
30437
30439
30446
3045
30450
30451
30452
30457
30458
30460
30462
30465
30474
30476
30478
30482
30485
30487
30515
30517
30518
30525
30526
30527
30528
30541
30544
30551
30559
3056
30566
30570
30576
30578
30580
30588
30589
30592
30593
30596
30597
30598
30612
30613
30615
30616
30618
3062
30620
30623
30624
30625
30631
30632
30641
30655
30656
30657
30660
30664
30665
30666
30669
30673
30676
30681
30682
30684
30695
30716
30721
30722
30723
30730
30753
30754
30755
30761
30765
30777
30782
30783
30787
30795
30803
30804
30805
30808
30809
30827
3083
30830
30831
30837
3084
30840
30848
30849
30851
30857
3086
3087
30905
30906
30907
30908
30910
30937
3094
30946
30948
30949
3095
30950
30952
30955
30978
30980
30982
30983
30984
30987
30990
30991
30993
30994
31042
31044
31046
31047
31055
3106
31063
3107
31070
31071
31072
31075
31076
31078
31079
3108
31080
31082
31083
31090
31092
31099
31101
31102
31115
31116
31118
31122
31126
31127
31129
31130
31133
31143
31151
31157
31159
3116
31162
31163
31164
31171
31173
31174
31175
31176
31177
31182
31183
31184
31185
31186
31187
31198
31199
312
31200
31205
31207
31212
3122
31240
31241
31245
3125
31251
31254
31257
31258
31263
31264
31265
31268
31272
31278
31281
31287
31288
313
3131
3132
31337
31339
31340
31343
31346
3135
31357
31365
31376
31377
31378
3138
314
31417
3142
31425
31427
31430
31438
3144
31440
31442
31443
31445
31449
3145
31452
31453
31455
31456
31459
31461
3147
315
31508
31518
31523
31527
31529
31532
31542
31545
31547
31556
31561
31564
31584
3163
31666
31667
31670
31671
31672
31673
31674
31698
31699
31703
31704
31708
31748
31765
31766
31777
31778
31780
31782
31787
31789
31792
31800
31806
31812
31820
31822
31824
31826
31827
31828
31837
3184
31873
31875
31876
3188
31889
3189
31890
31892
31895
31906
31908
3191
31910
31913
31914
31917
31918
31919
31920
3193
3194
31946
31947
31948
31949
3195
31950
3196
31971
31979
3198
31980
31985
31990
31992
31993
31999
32000
32002
32004
32005
32006
3201
32013
32015
32051
32055
32056
32060
32061
32063
32065
32066
32068
32071
32089
32090
32097
32111
32112
32113
32132
32133
32134
32135
3214
3215
32153
32154
32155
3216
32162
3217
3218
3220
32210
32214
32217
32219
32222
32228
32230
32235
32237
3224
32240
32249
32250
32251
32256
3226
32261
32265
32266
32267
32271
32275
32285
32288
32297
32300
32302
32303
32304
32312
32313
32315
32318
32321
32326
32332
32337
32343
32346
32347
32348
3235
32350
32352
32353
32357
32358
32361
32364
32366
32370
32371
32372
32373
32376
32384
32400
32405
32406
32408
32410
32419
32428
32429
32435
32441
32442
32453
32464
32465
32466
32467
32469
32471
32472
32475
32476
32477
32478
3248
32498
32499
32500
32501
32502
32504
32508
3251
32511
32512
32513
3252
32522
32538
3254
32541
32547
32549
32551
32552
32554
32555
32564
3258
32580
32581
32582
32584
32586
3259
3260
3261
3262
32628
32629
3263
32631
3264
32658
32667
32668
32669
3267
32693
32695
32697
32698
32699
3270
32706
32707
32715
32716
32730
32731
32756
3276
32762
32764
32766
32767
32768
32771
32773
32775
32776
32779
32780
32782
3279
32796
32798
3280
32800
32801
32805
32806
32807
32814
32816
32817
32818
3282
3283
3285
32850
32851
32853
32857
32858
32859
3286
32860
32861
32863
32865
3287
32874
32877
32878
32880
32881
32883
32888
32894
32896
32900
32945
32956
3296
32965
32969
32982
32983
32984
32985
32986
32987
32989
3299
32991
32992
32998
32999
33006
33008
33009
33011
3302
33020
33028
33029
3304
33043
33044
33047
33048
33050
33055
33056
33057
3306
33060
33061
33074
3308
33084
33113
33121
33148
33156
33165
33167
33177
33178
33179
33200
33202
33203
33207
33210
33211
33212
33215
33217
33218
33220
33221
33222
3323
33230
33239
33245
33248
3325
33250
33252
33265
33268
33269
3327
3328
33286
33290
33292
33305
33306
33308
33309
33318
33319
33320
33321
33323
33326
33328
33329
33330
33331
33332
33334
33335
33336
33338
33339
33340
33341
33347
3335
33351
33353
33355
33365
33369
33370
33371
33376
33377
33382
33394
334
33401
33404
33411
33415
33424
33429
33434
33435
33437
33443
33448
33449
33458
33465
33469
3349
3350
33504
3351
33514
33515
33517
3352
33520
33526
33527
33528
33529
3353
33535
33538
33549
3355
33551
33552
33553
3356
33560
33562
33563
33564
3357
33574
33576
33577
3358
33585
3360
33601
33602
3361
3362
33632
33633
33634
33649
3365
33651
33657
33661
33665
33667
33669
33673
33688
33689
33692
33694
33695
33696
33698
3370
33702
33703
33704
3371
33714
33715
33716
33717
33720
33722
33735
33736
33739
3374
33744
33753
33754
33764
3377
33779
33781
33782
33783
33790
33793
33794
33801
33802
33803
33804
33805
3381
33813
3382
33831
33832
33834
33839
3384
33840
33842
33843
33844
33897
33898
33904
33905
33910
33912
33915
33924
33929
33931
33935
3394
33941
33944
33945
33946
33947
33948
3395
33951
33953
33954
33959
3396
33972
3398
33981
33982
33983
33984
33985
33988
33990
33991
33996
33999
3400
34001
34003
34006
3401
34010
34016
34019
3402
34020
34022
34023
34025
34027
34029
3403
34035
34036
3404
34048
34052
34069
3407
34072
34074
34075
3408
3409
34091
34092
34093
34096
3410
34116
34117
34125
34126
34129
3413
34131
34132
34133
34136
34138
34140
34141
34142
34143
3415
34154
34159
3416
34162
34164
34165
34171
34175
34177
34178
34179
3418
34181
34182
34185
34192
34193
34195
34196
34200
34202
34205
34211
34225
34229
3423
34230
34231
34243
34245
34246
34251
34252
34253
34255
34259
34263
34264
34266
34268
34269
3427
3428
3429
34292
34293
34294
34298
34299
34300
34301
34306
3431
34310
34313
34316
34318
34325
34327
34328
3433
34333
34337
34338
3435
3436
3438
3440
34407
3441
34413
34414
34416
3442
34424
34428
34434
3444
34478
34488
34494
34503
34507
34509
3451
34511
34517
34518
34519
34521
34527
34528
3453
34531
34534
34541
34542
34545
34547
34549
34554
34556
34557
34560
34562
34566
34579
3458
34584
34586
3459
34592
34593
34596
34597
34598
34599
34625
34626
3463
34631
3464
34643
34645
34647
34648
34649
3465
34661
34662
34669
34670
34676
34687
34689
34693
34705
34707
3471
34747
34748
34750
34757
3476
34765
3477
34771
34780
34783
34806
34808
34810
34812
34813
34814
34820
34828
34829
3483
34830
34836
34838
3484
34841
34844
34845
34846
34856
34895
34900
34903
34906
3491
34910
34911
34913
34914
34921
34924
34927
3493
3494
34942
34948
34950
34952
34955
3496
34963
34968
34970
34973
34978
3498
34980
34981
34982
34986
34987
34996
35003
35004
35007
35011
35012
35014
35015
35019
3502
35021
35022
35023
35025
35027
35028
35029
3503
35030
35031
35032
35034
35036
35037
35038
35039
35041
3505
35055
35056
35058
35059
3506
35062
35063
3507
35077
35078
35082
35087
35088
351
3510
35104
35105
35108
35109
35110
35111
35117
35118
35120
35122
35123
35127
35129
35131
35133
3514
35141
35143
35147
35149
35151
35152
35153
35154
35155
35156
35168
35175
35202
35210
35215
35220
35222
35225
35261
35274
35277
35278
35279
35303
35305
35308
35309
3531
35313
35316
35321
35327
35329
3533
35330
35338
35341
35348
3535
35350
35352
35353
35354
35355
35356
35357
35361
35362
35364
35365
35366
35371
35373
35375
35394
35395
35396
35399
35403
35406
3541
35412
35413
35415
35416
35417
3542
35422
35426
35427
35434
35444
35445
35446
35447
35448
35449
35450
35452
35453
35454
35455
3546
35471
35476
35477
35489
3549
35491
35492
35493
35495
35497
35498
35499
35502
35504
35506
35508
35513
35514
35515
35518
35519
3552
35528
3553
35539
35546
35549
35550
35553
35555
35557
3556
35561
35563
35564
35565
35566
3557
35587
35591
35594
35596
35597
35599
3560
35612
35613
35614
35617
35620
35622
35623
35627
35636
35637
35638
35639
35640
35641
35642
35644
35646
35649
3565
35651
35660
35664
35665
35674
3568
35682
35683
35684
35689
35690
35692
3571
35712
35713
35717
35721
35722
35724
35725
35735
3574
3575
35773
35779
3578
35781
35783
35785
35786
3579
3580
35803
35806
35818
3582
35822
35823
35827
35828
35829
35837
35854
35872
35873
35875
35877
35878
35879
35880
35883
35885
35889
35891
35895
35899
35901
35903
35909
35910
35911
35912
35915
35916
35917
35925
35927
35929
35930
35935
35937
35938
35939
35950
35951
35952
35961
35964
35969
35970
35971
35973
35975
35976
35978
35982
35987
35991
35995
36000
36002
36003
36005
36008
36012
36032
36044
36047
36049
36064
36065
36066
36068
36070
36080
36081
36086
36090
36094
36098
36099
36101
36121
36123
36125
36126
36130
36132
36133
36134
36136
36137
36151
36154
36173
36176
36177
36181
36182
36185
36187
36189
36200
36204
36205
36208
36209
36251
36268
3627
36288
36289
36291
36294
36295
36296
36297
36299
36306
36307
36309
36311
36312
36313
36316
36318
36319
36321
36325
36333
3634
36349
36350
36353
36355
36357
36358
36361
36367
36368
36377
3638
3640
36402
36405
36413
36416
36423
36425
36426
36427
36429
36433
36438
36445
3647
36473
36482
3649
36499
3651
36513
36515
3652
3654
36543
36545
36558
36567
36568
3657
36579
36580
36581
36584
36586
36587
36588
36594
36595
36596
36599
36610
36612
36613
36616
36620
36622
36624
36625
36626
36627
36628
36629
36630
3664
36641
36642
36643
36644
36645
36646
36647
36648
36649
3665
36650
36654
36655
36656
36657
36660
36663
36666
36667
36669
36678
36679
36680
36682
36683
36684
36685
36686
36688
3669
3670
36706
36707
3671
36710
3672
36736
36742
36748
36754
36756
36760
36766
36768
36769
36770
36771
36772
36773
36804
36809
36814
36818
36820
36821
36826
36827
36830
36854
36856
36857
36858
36859
36860
36861
36863
36868
36872
3689
3691
36919
3692
36925
36929
3693
3694
36941
36951
36959
3697
36980
36992
36999
37
3700
37004
3701
37023
37036
37038
37039
37044
37047
37049
37053
37054
37060
37061
3707
37073
37074
37077
37078
37080
37084
37086
37091
37092
37094
37095
37096
37099
37100
37101
37102
37103
37104
3711
37120
37123
37127
37133
37134
37136
37139
37140
37147
37148
3715
37179
37184
37187
37189
37190
37192
37208
37211
37212
37218
37219
37222
37223
37225
37226
37227
37232
37233
37238
37239
37245
37252
37266
37269
3727
37270
37271
37276
37277
37285
37286
37288
37292
37296
37297
37300
37302
37313
37315
37317
37319
37344
37346
3736
37363
37369
3737
37378
37379
37380
37381
37382
37383
37384
37385
37386
37388
37389
37390
37391
37392
37393
37397
374
37400
37403
37409
37411
37414
37415
37416
3742
37427
3743
37430
37453
37457
37461
37464
37466
37477
37478
37481
37484
3749
37491
37494
375
3750
37505
37506
37508
37510
37512
37519
3752
37522
37526
3753
37533
37534
37535
37540
37541
37542
37544
37559
37560
37561
37565
37568
37575
37577
37578
37580
37591
37609
37615
3762
37623
37628
37635
37646
3765
37651
37654
37657
3766
37660
37666
3767
37671
37673
37676
37678
37679
37680
37684
37687
37688
37690
37692
37694
37701
37702
37703
37705
37707
3771
37712
37786
37787
37790
37792
37802
37805
37806
37807
37808
37811
37813
37814
37815
37816
37821
37822
37823
37833
37834
37845
37846
37849
37853
37855
37864
37865
37871
37890
37895
37898
37899
37901
37903
37904
37905
37906
37907
37913
37917
37918
37919
37922
37929
37930
37940
37945
37950
37953
37972
37975
37982
37989
37990
38015
38017
38018
38020
38031
38033
38038
38046
38049
38061
38062
38065
38076
38077
38083
38086
38087
38091
38092
38097
38098
38099
38101
38104
38105
38109
38110
3812
38142
3819
38195
38199
3820
38200
38201
38202
38203
38216
38217
3824
38245
38246
38250
38251
38252
38255
38273
38275
38282
38284
38285
383
38305
38316
38326
3833
38337
38364
38366
38383
38386
38387
38388
38389
3839
38394
38402
38404
38405
38414
38416
38418
38419
38420
38422
38423
38426
38429
38432
38435
38436
38437
38439
38440
38441
38446
38447
38456
38460
38463
38467
38468
38469
3848
3849
38512
38513
38531
38538
38539
38544
38546
3857
38573
38581
38585
38586
3859
38590
386
3863
38631
38638
38639
38641
38644
38645
38648
38653
38655
38656
38660
38662
38664
38665
38666
38668
38669
38671
38672
38675
38677
38680
38683
38686
38687
38688
38705
38707
38711
38713
38721
38738
38740
38743
38747
38761
38762
38767
38768
38770
38771
38772
38775
38777
38779
38780
38781
38784
38795
3880
38800
38806
38808
38811
38814
38818
38819
38825
38846
38847
38848
3885
38850
38857
3888
38901
38907
38908
38909
3891
38911
38912
38915
38917
38929
38931
38933
38944
38945
38946
38948
38955
38964
38970
38976
38977
38981
38987
38994
38996
38999
39003
39004
39005
39008
39010
39011
39026
39027
39036
39045
3905
39054
39059
39060
39061
39068
39069
39070
39071
39072
39073
39076
39097
391
39100
39103
39107
39114
39115
39117
39119
39133
39136
39143
39146
39153
39154
39156
39160
39161
39162
39163
39164
39167
39168
39171
39173
39177
39178
39179
39189
39190
39194
39197
39204
39205
39206
39207
39208
39213
39216
39220
39222
39224
39238
39241
39263
39278
39279
39280
39281
39286
39288
39291
39292
39310
39312
39315
3932
39323
39327
3933
3935
39356
3936
3937
39370
3938
39384
39386
3939
39397
39399
39400
39401
39402
39404
39405
39406
39411
39415
3942
39425
39426
39427
39428
39449
39458
39461
39462
39464
39477
39480
3949
39493
39503
39504
39506
39507
39512
39513
39515
39516
3952
39521
39522
39523
39526
39528
39529
3953
39530
39531
39533
39534
39536
39538
39546
39568
39572
39573
39574
39579
39581
39582
39591
39592
39594
39597
39598
39600
39605
39606
39607
39608
39609
39620
39622
39623
39624
39658
39659
39668
39678
39684
39735
39740
39742
39760
39763
3977
39775
39776
39778
39782
39786
39787
39788
39789
3979
39790
39791
39792
39793
39800
39801
39805
39806
39832
39833
39873
39875
39877
3988
39880
39886
39889
39890
39892
39893
39904
39906
3991
39915
39916
39918
39933
39936
39938
39939
39942
39945
39953
39957
39958
39959
39960
39961
39962
39964
39965
39967
39969
39970
39972
39975
39976
39978
39979
3998
39981
39982
39984
39986
40
40002
40008
40010
40015
40025
40037
40039
40040
40047
40050
40055
40059
40061
40062
40073
40077
40094
40095
40097
40102
40104
40108
40112
40114
40122
40123
40126
40129
40132
40134
40135
40136
40137
40138
40144
40149
40150
40152
4016
40172
40173
40175
40180
40188
40199
4020
40209
40211
40213
40215
40217
40218
4022
40224
40227
40228
40232
4024
40243
40245
40251
40254
40256
4026
40267
40270
40271
40272
40274
40275
40277
40278
40281
40284
40285
40286
40287
40289
40290
40291
40292
40295
40297
4030
40302
40304
4031
40313
40315
40316
40319
40325
40329
4034
40345
40346
40349
40350
40355
40357
40361
40365
40366
40367
40371
40372
40375
40376
40379
40384
40385
4039
4040
40407
40409
4041
40410
4042
40424
40425
40427
40428
40429
40430
40431
40432
40433
40434
40438
40443
40449
40450
40451
40452
40454
40455
40456
40459
4046
40467
4047
40470
40477
40479
40484
40485
40487
40488
40493
40494
40495
40499
40503
40504
40506
40508
40522
40532
40533
40534
40538
40540
40547
40558
40567
40576
4058
40580
4059
4060
40601
40603
40606
40608
40611
40612
40613
40615
40616
40633
40634
40639
40640
40642
40643
40648
40650
40652
40654
40656
40657
40664
40665
40678
40680
40681
40682
40685
40687
40697
40701
40711
40712
40713
40715
40717
40722
40723
40728
40731
40732
40735
40736
40737
40745
40756
40759
40773
40789
40791
40792
40841
40842
40846
40848
4085
40857
4087
40878
40879
4088
40890
40900
40902
40908
40910
40914
40917
40919
40921
40922
40923
40924
40925
40926
40928
40931
40932
40934
40935
40936
40937
40938
40939
40950
40957
40963
40972
40973
40998
40999
41
4101
41015
41016
41017
41021
41022
4103
4104
41043
41045
41046
41051
4106
41084
41087
41090
41091
41092
41095
41097
41102
41105
41106
41107
41113
41116
41121
41123
41126
41137
41138
41145
41148
41153
41154
41157
41158
41159
41160
41161
41163
41164
41165
41166
41168
41169
41174
41177
41182
41183
41185
41194
41195
41199
41251
41258
41259
41261
41262
41266
41270
41271
41282
41283
41286
41289
4130
41305
41311
41323
41328
41329
41337
41340
41341
41346
41347
41349
41359
41363
41364
4137
41373
41374
41379
41384
41386
41389
41391
41419
41426
4143
41440
41441
41444
4145
41454
41459
4146
41461
41462
41464
41465
41470
41480
41482
41490
41492
41493
41494
41497
41503
41510
41531
41532
41534
41535
41536
41538
41540
41542
41544
41546
41549
41551
41552
41554
41566
4157
41574
41577
41579
4158
41580
41582
41586
41590
41595
41598
41615
41616
41632
41638
4164
41660
41662
41665
41666
41668
41669
41683
41687
41688
41691
41698
41700
41711
41712
41713
41716
41718
41728
4173
41734
41757
41760
41762
41763
41764
41768
41769
4177
41771
41772
4178
41783
41784
4179
41790
41791
41794
41796
41797
4181
41833
4184
41840
41850
41851
41852
41853
41854
41855
41857
41859
4186
41860
41862
41863
41878
41893
41895
41903
41904
41906
41909
41911
41915
41935
41966
41967
41972
4200
4202
42021
42023
42024
42029
42030
42031
42032
42043
42045
42067
42074
4208
42083
4209
42101
42105
42107
42114
42117
42120
4213
42137
4214
42149
4215
42166
42169
42193
42194
42196
42200
42202
42204
42207
42210
42217
42218
42220
42232
42234
42237
4224
42240
42241
42270
42272
4228
42281
42282
42283
42285
42286
42289
42291
42298
4230
42307
42310
42318
4232
42321
42347
4235
42359
42361
42366
42367
42368
42369
42370
42371
42372
42373
42374
42375
42377
42378
42394
42397
424
42412
42415
42420
42422
42424
42425
42427
42430
42432
42433
42438
42439
42448
42459
42461
42485
42486
42487
4249
42494
42495
42497
42498
42499
425
4250
42500
42502
42504
4251
4252
42534
42536
42537
42538
42539
42540
4256
42562
4257
42578
42580
42588
42592
42594
42596
42598
426
42600
42603
42604
42606
42607
42608
42609
42610
42611
42612
42624
42628
42632
42634
42636
42643
42647
42650
42651
42654
42657
42659
42684
42685
42686
42689
42692
42695
42699
427
42703
42705
42708
42711
42715
42762
42779
42796
42802
42803
42804
42807
42809
42810
42811
42818
42822
42826
42831
42832
42847
42851
42861
42863
42865
42873
42877
42878
42881
42919
4292
42921
4294
42941
42942
42944
42946
42948
42955
4296
42963
42976
42978
4298
42980
42981
42982
42987
42989
4299
42994
42998
43
4300
43002
43003
43004
43005
43006
43008
43009
43013
43042
43043
43044
43046
43049
4305
43050
43051
43053
43054
43055
43057
43059
4306
43060
43061
43067
4307
43081
43087
43090
43092
43093
43094
43095
43096
43100
43103
43104
43105
43107
43109
43110
43118
43130
43141
43158
43164
43167
43169
43170
43175
43179
43186
43187
43188
43191
43195
43196
43200
43203
43211
43213
43214
43217
43218
43220
43222
43224
43232
43233
43238
43239
43243
43247
43248
43260
43263
43264
43265
43266
43267
43268
43269
4327
43270
43276
43277
43283
43284
43285
4331
43323
43328
43335
43363
43365
43367
43368
43371
43373
43374
43378
43379
4338
4339
4340
43414
4342
43442
43444
43445
43448
43449
43459
43460
43461
43462
4347
43472
4348
43485
4349
435
43513
4353
43538
4355
43556
43561
43562
43566
4357
43570
43571
43572
43599
43601
43607
43609
43610
43621
43629
43633
43634
43695
43697
43699
43700
43703
43704
43705
43709
43716
43717
43718
43736
43737
43759
43764
43768
43770
43777
43789
43794
43812
43819
43831
43844
43845
43848
43851
43852
43855
43856
43857
43858
43860
43863
43864
43867
43873
43874
43876
43885
43887
43891
43894
43901
43902
43903
43904
43905
43906
43909
43914
43916
43936
43951
43952
43956
43958
43960
43962
43982
43983
43984
43989
43990
43997
44002
44005
44017
44043
44048
44054
44055
44058
44059
44060
44089
44093
44101
44107
44108
44111
44129
44130
44132
44145
44149
44162
44163
44167
44168
44170
44172
44173
44177
44178
44179
44180
44181
44185
44186
44187
44188
44191
44192
44202
4421
4422
4423
44247
44251
44253
44255
44256
4426
44266
44267
44269
4427
44280
44281
44283
44288
4429
44290
44292
44293
44299
44304
44305
44307
44308
44310
44313
44314
44316
44317
44320
44322
44331
44334
44337
44341
44344
4435
44350
44362
44363
44369
44370
44381
44383
44384
44387
44388
4439
44391
44393
44394
44395
44396
44398
44399
4440
44402
44404
44405
44406
44410
44412
44415
44417
44431
44432
44433
44436
44437
44438
44440
44441
44442
44443
44444
44461
44462
44466
44468
44469
44470
44475
44478
44495
44498
44501
44502
44503
44504
44505
44506
44507
44509
44510
44515
44516
44517
44540
44544
44545
44547
44552
44558
44568
44569
44582
44607
44608
44612
44621
44622
44632
44659
44660
44665
44667
44673
44680
44683
44699
447
44700
44702
44704
44705
44708
44721
44722
44728
4473
44733
44734
44738
44739
44742
44744
44746
44748
44749
44761
44762
44763
44767
44769
44773
44775
44781
44782
44783
44785
44799
4480
44801
44804
44805
44809
4481
44814
44817
44818
44819
44820
44827
44828
44829
4483
44830
44834
44837
44841
44842
44843
44844
44849
44850
44851
44852
44854
44857
44859
4486
44861
44865
44867
4487
44876
44877
44880
44888
44889
44922
44923
44924
44925
44927
44928
44929
44931
44932
44933
44935
44936
44937
44938
44940
44943
44944
44946
44955
44957
44964
44968
44976
44979
44980
44984
44988
4499
45
450
4500
4501
45011
45012
45013
45014
45015
4504
4506
4507
4508
4509
451
4510
45102
45104
4511
45118
45119
45123
45126
45129
4513
45132
45135
45138
45153
45154
45156
45159
45192
45193
45194
45200
45202
45204
45205
45207
45208
45210
45222
45225
45228
45232
45233
45247
45248
45249
45250
45251
45252
45257
45259
45260
45262
45266
45267
45268
4527
45270
45271
45272
45276
45277
45279
45284
45285
45288
45299
45304
45322
45323
45326
4533
45359
45363
45364
4539
45398
45404
45415
45458
45459
45478
45479
45501
45502
45503
45507
45521
45522
45523
45525
45527
45537
45539
4554
45540
45541
45554
45557
45558
4556
45560
45564
45565
45566
45567
45569
4557
45570
45571
45572
45573
45575
45576
45577
45579
4558
45581
45582
45583
45584
45586
45588
45590
45591
45592
45593
45596
45597
45598
4560
45600
45602
45606
45607
45608
45612
45619
4562
45635
45637
45638
4564
45650
45651
45652
45653
45655
45656
45657
45658
45660
45662
45663
45666
45667
45684
4569
45694
45697
45700
45702
45704
45706
45707
45708
4571
45710
45711
45712
45716
45718
45719
45729
4573
45741
45742
45753
45756
45763
45767
45769
45773
45777
45786
45797
45798
4580
45800
45801
45802
45803
45805
45806
45818
45820
45824
45826
45827
4583
45830
45832
45833
45834
4584
45844
45847
45852
45857
4586
45862
45872
45880
45882
4589
45891
45893
45894
45896
45907
45915
45916
45917
45919
4592
45922
45923
4595
45956
45959
4596
45962
45964
45966
45969
45986
45988
4599
45999
46018
4602
46038
4604
46043
46054
46059
4606
46062
46072
4608
46084
46085
46087
46089
4609
46096
46097
46099
46107
4611
46125
46134
46142
46149
4615
46150
46159
46163
46173
46185
46188
46190
46193
46194
46198
46199
46200
46201
46203
46205
46208
46213
46217
46218
46242
46243
46247
46249
4625
46250
46251
46253
46256
46261
46263
46265
46266
46267
46270
46274
46275
46276
46277
46281
46285
46286
46287
46290
46302
46311
46312
46318
46322
46324
46325
46327
46329
46330
46331
46338
46341
46342
46344
46357
46358
46359
46361
46369
46388
46399
46421
46423
46427
46439
46441
46445
46448
46449
46450
46451
46452
46454
46455
46456
46457
46458
46463
46487
46490
46520
46529
46530
46535
46549
46550
46556
46563
46564
46566
46567
46568
46569
46577
46578
46580
46581
46583
46584
46585
46602
46605
46607
46608
46610
46620
46623
46626
46628
46632
46635
46640
46644
46653
46654
46655
46657
46660
46661
46663
46666
46667
46670
46686
46694
46697
46700
46703
46716
46720
46724
46726
46728
46730
46737
46747
46748
46756
46757
46758
46761
46763
46766
46769
46771
46772
46775
46776
46781
46796
46800
46807
46824
46825
46827
46833
46853
46857
46860
46862
46866
4687
46881
46884
46885
46889
46890
46891
4693
46934
46942
46955
46969
46972
46978
46980
46981
46982
46983
46984
46985
46987
46991
47000
47008
4701
47015
47017
47018
47019
47021
47022
47024
47035
47044
47048
4705
47050
47051
47052
47067
4707
4708
47083
47089
4709
47091
47092
47095
47096
47101
47107
47112
4712
47122
47124
47146
47156
47157
4716
47160
47161
47162
47163
47177
4718
47194
47196
47203
47207
47208
47212
47224
47225
47226
47227
47229
4723
47240
47245
47246
47252
47253
47258
47260
47261
47292
47293
47294
47299
47300
47305
47318
4733
47331
47334
47338
47340
47342
47353
47356
47358
47359
4736
47366
4737
47370
47376
47386
47395
47398
47399
474
4740
47401
47412
47415
47416
47418
47419
47428
47430
47432
47434
4744
4745
47457
47462
47463
47473
47477
47491
47492
47494
47504
47508
47527
47528
47536
47545
47546
47547
47559
47563
47566
47567
47569
47575
47580
47582
47583
47585
47587
47589
47590
47591
47592
47593
47594
47596
47599
47640
47653
47661
47663
47670
47673
47678
47688
47691
47692
47697
47702
47704
47708
47726
47727
47736
47738
47739
47740
47748
47752
47756
47757
4776
47770
47771
47774
47776
47777
47779
47780
47781
47782
47789
47790
47791
47792
47793
4780
47801
47802
47803
4781
47837
47838
47844
47850
47859
47862
47865
47866
4787
47874
47875
47881
47885
47887
4789
47892
47893
47894
47895
47896
47899
4790
47902
47908
47912
47917
4792
47921
47926
47928
4793
47930
47931
47936
47937
47939
47942
47946
47960
47965
47970
47972
47973
47974
4798
47982
47990
48
48004
48008
48010
48011
48012
48013
48015
48016
48019
48020
48022
48023
48024
48025
48026
48028
4803
48030
48031
48049
4805
48053
4806
48069
4807
48072
48077
48079
48080
48081
48083
48084
48089
4809
48095
48100
48101
48107
48108
48109
48110
48148
48158
4817
48173
48174
48175
48176
48179
48180
48182
4819
4820
48208
48212
48215
48216
48221
48229
4824
4826
48262
48267
48268
4828
48303
48304
48324
48325
48326
48327
48329
48345
48347
48348
48349
48350
48351
48352
48354
48356
48358
48369
48371
48374
48375
48378
48380
48386
48390
48391
48393
48397
48398
48403
48408
48417
48440
48445
48446
48449
4845
48450
48456
48458
48461
48463
48468
48469
4847
48472
48474
48475
48477
48478
48479
48480
48481
48482
48483
48484
48485
48486
48487
4849
485
48514
48519
48521
48524
48527
48529
48531
48538
48547
48548
48554
48555
48557
48558
48559
48560
48567
48569
48582
48587
48588
48589
48592
48594
4860
4861
48616
4862
48624
4863
48638
48641
48643
48644
48647
48648
48649
48654
48656
48659
48660
48661
48670
48671
48676
4868
48680
48684
48685
4869
48692
48693
48699
487
48703
48704
48706
4871
4874
48743
48744
48748
48753
48755
48758
48767
48771
48772
48773
48774
48776
48777
48778
48779
48780
48789
4879
48791
48792
48793
48794
48795
48796
48797
48800
48809
48811
48816
48819
48820
48825
48830
48831
48832
48833
48836
48837
48838
48840
48841
48844
48845
48847
48848
4885
48850
48851
48853
48854
48857
48865
48866
48867
48868
48870
48871
48873
48874
48875
48877
48881
489
4892
48938
4894
48944
48954
48955
48982
48985
48986
48987
48988
4899
48991
48992
48996
48997
4900
49002
49013
49020
49026
4904
4905
49055
4906
49062
49067
49070
49071
49092
4911
49110
49111
49112
49113
49114
49115
49116
49119
4912
49123
49127
49132
49133
4914
49141
49148
4915
49170
49187
49189
49193
49195
49198
492
49203
49205
49208
49212
49215
49216
49217
4922
49224
49225
4923
49230
49231
49233
4925
49253
49257
49259
4926
49261
49263
49264
49265
49267
4927
49273
4928
49281
49288
49290
49295
49298
49300
49301
49302
4931
49311
49316
49319
49320
49321
49332
49333
49334
49335
49336
49337
49338
49342
49343
49344
49347
49360
49362
49372
4938
4939
494
49416
4942
49421
49432
49434
49446
49447
49449
49450
49456
49458
4947
49472
49473
4948
49483
49485
49486
49491
49492
49494
49495
49496
49497
495
49500
49516
49517
49519
49521
49522
49525
49526
49551
49552
49553
49591
49592
49594
49616
49619
4963
49644
49653
4966
4967
49670
49673
49677
49678
49679
49680
49684
49685
49689
497
4970
49703
49705
49706
49708
4971
49711
49714
49715
49716
49720
49723
49725
49726
49728
49731
49733
49734
4974
49744
49746
49747
4975
49750
49751
49752
49753
49754
4976
49764
4977
49786
49794
49795
49796
498
49808
4981
49811
49812
49813
49815
49819
49822
49823
49824
49831
49835
49839
49840
49854
4986
49864
49865
49866
49867
49869
4987
49870
49885
49887
4989
499
49900
49902
49919
49920
49941
49989
49991
49994
49999
50025
50028
50032
50046
50058
50062
50067
50092
50131
50132
50134
50135
50139
50141
50150
50151
50152
50153
50154
50155
50156
50157
50158
50166
50173
50175
5018
50195
50196
50198
50199
502
50200
50202
50204
50205
50206
5021
50211
50215
50216
50219
50220
50225
50226
50234
50235
50236
50239
50245
5025
50257
5026
50263
50266
5027
50275
50277
50278
50280
50281
50283
50284
5029
5030
50324
50325
50332
50337
50340
50347
50351
50386
50387
50390
50394
50398
50399
504
50410
50417
50419
50430
50431
50432
50433
50435
50436
50437
50440
50442
50443
50447
50450
50453
50459
50460
50468
50469
50472
50474
50477
50479
50481
50483
50485
50486
50487
50488
50490
50493
50494
50495
50497
50499
505
50500
50504
50545
50549
5055
50550
5057
50572
50573
50574
50576
50578
50579
50580
50581
50587
5059
50590
50592
50596
5060
50602
50604
50605
50606
50607
5061
50611
50614
50618
5062
50622
50630
50661
50662
50663
50664
50665
50666
50667
50672
5068
50685
50703
50726
50736
50756
50758
50761
50764
50769
50770
50772
50773
50782
50783
50784
50785
50811
50813
50816
50819
50821
50822
50826
50827
50828
50831
50832
50833
50834
50837
50849
50853
50856
50857
50865
50869
50871
50872
50892
50898
50899
50900
50901
50903
50927
50950
50957
50958
50960
50961
50962
50968
50975
50977
50978
50979
50980
50981
50986
50991
50995
51006
51016
5102
51025
51053
51059
5106
51066
51068
5107
51072
51073
51075
51076
51077
51079
5108
51081
51082
51083
51084
51085
51087
51093
51094
51097
51098
51099
51100
51101
51119
51122
5113
51132
51133
51139
51148
51161
51163
51165
51166
5119
51194
51197
5120
51204
5121
51219
51221
51223
51225
51231
51255
51256
51263
51266
51267
51268
51270
51273
51279
51281
51282
51294
51308
51310
51312
51319
51320
51323
51326
5133
51332
51334
51336
51338
51339
51360
51366
51371
51372
51374
51376
51379
51382
51383
514
51401
51405
5142
51423
51427
51428
51431
51432
51440
51441
51443
51446
51466
51467
51469
51470
51479
51480
51481
51482
51483
51484
51491
51492
51493
51513
51516
51518
51521
51525
51542
51545
51548
51551
51552
51553
51554
51559
51562
51564
51566
5157
51572
51590
51602
51606
51607
51610
51611
51612
51622
51623
51629
51633
51634
51641
51642
5165
51651
51652
51653
51654
51658
5166
5167
51680
51682
51690
51691
51696
51697
51700
51705
51708
5171
51712
51714
5173
51731
5174
51743
51746
51750
51752
51753
51755
51765
51766
5177
51785
51791
51798
51801
51814
5183
51831
51832
51839
5184
51858
51859
51860
51861
51862
51864
51865
5187
5188
51885
5189
51892
51894
51895
51896
51897
51898
5190
51900
51902
51905
51906
51907
51911
51912
51935
51937
51940
51944
51952
51956
51962
51963
51965
51968
51974
51978
51979
51983
51989
51990
51995
51996
52003
52004
52007
52018
52034
52045
52047
52055
52068
52071
52072
52076
52090
52091
52097
52098
521
52101
52103
52105
52106
52107
52119
52122
52123
52126
52138
52139
52140
52141
52142
52145
52148
52150
5216
52180
52184
52187
52188
52189
52191
52193
52194
52196
52197
52198
522
52206
52208
52211
52214
52215
52216
52257
52258
52259
52260
52262
52263
52266
52267
52268
52270
52271
5228
52289
5229
52290
5230
52306
52309
52312
52315
52319
52326
52328
5233
52330
52332
52335
52336
52350
52357
52359
52360
52364
52365
52366
52368
52369
52370
52371
52372
52380
52381
5240
52442
52443
52444
52445
52448
52464
52470
52471
52495
52503
52506
52509
52512
52517
52534
52554
52556
52565
52566
52571
52572
52573
52574
52575
52595
52597
52605
52607
52609
52617
52622
52702
52703
52708
52715
52719
52720
52722
52723
52726
52745
52746
52747
52748
52749
52750
52755
5276
52760
52763
52764
52767
52768
52784
52787
52789
52790
52798
52806
52809
52810
52811
52812
52816
52817
52825
5283
52831
52839
52851
52856
52857
52860
52862
52863
52866
52869
52870
52871
52877
52878
52882
52889
52892
52894
52903
52913
52916
5293
52957
5296
52961
52971
52977
52980
52984
5299
52998
52999
53000
53002
53003
53004
53008
53009
53013
53017
5303
53037
53038
53044
53048
53052
53053
53054
53061
53066
53068
53070
53073
53074
53076
53077
53078
53083
53084
53085
53087
53088
53090
53095
53097
53099
53101
53102
53106
53107
53108
53113
53115
5312
53122
53123
53124
53129
5313
53133
53134
53136
53137
5314
53140
53141
53142
53143
53144
53146
53148
53149
5315
53153
53155
53162
53163
53166
53167
53170
5318
53188
53192
53194
5320
53201
53205
53217
53218
5322
53221
53225
53226
53233
5325
53250
53255
5326
53274
5328
5330
53334
53335
53338
5334
53346
53351
5336
5337
5338
5340
5341
53422
53425
53426
53429
53459
53461
53463
53465
53467
53468
53509
53514
53527
53529
53554
53558
53562
53563
536
5360
53604
53606
53607
53608
5362
5364
53644
53649
53670
53671
53673
53691
53692
537
53711
53713
53717
53720
53753
53767
53772
53778
53788
53789
53790
53791
53797
538
5380
53804
53805
53807
53808
53809
5383
53831
5384
5385
53865
53866
5387
53874
53875
53876
5388
53882
53892
53893
53897
53898
53914
53917
53924
53925
53929
53939
53964
53965
53968
53971
54005
54010
54016
54018
54029
54040
54046
54052
54059
54062
54063
54064
54065
54066
54067
54070
54071
54076
54079
54082
54083
54084
54085
54086
54087
54089
54090
54092
54093
54094
54095
54096
54097
54098
54099
541
54101
54102
54103
54107
54108
54109
54110
54111
54112
54113
54114
5413
54133
54134
54136
54137
54138
54146
54147
54155
54156
54157
54166
54193
54194
54195
54200
54202
54212
54213
54215
54216
54222
54223
54228
54229
54231
54237
54238
54239
5424
54240
54241
54243
54252
5428
54281
54285
54286
54332
54338
54342
54344
54345
54347
54348
54350
54351
54353
54355
54366
54370
54372
54374
54376
54379
54383
54384
54385
54386
54387
54388
54391
54392
54393
54394
54397
54400
54402
54410
54416
54437
5444
54440
54441
54442
54443
54445
54446
54447
54449
5445
54453
54460
54461
54462
54464
54465
54469
54470
54472
54478
54495
54497
545
54500
5451
54521
54524
54526
54527
54530
54533
54534
54542
54549
5455
54550
54559
5456
54566
54570
54575
54579
54581
54582
54583
54584
54585
5459
54590
54591
54592
54596
54597
546
5460
54602
54625
54626
54631
54637
54642
54648
54651
54658
54664
54666
54669
54674
54677
54687
5469
54722
54723
54724
54728
54732
54734
54755
54756
54757
54758
54759
54764
54765
54766
5479
54796
54797
54800
54803
54805
54812
54818
54820
54825
54827
54857
54858
54859
54864
54869
54875
54883
5489
549
54905
54908
54909
54910
54914
54916
54917
54919
54921
54922
54927
54928
5493
54931
54938
54939
5494
54941
54946
54947
54948
54950
54952
54953
54954
54955
54956
54958
54961
54966
54967
5497
54972
54973
54976
55015
55022
55024
55029
55033
55034
55038
55039
5504
55042
55043
55045
55046
5505
55052
55053
55054
55056
55059
55061
55062
55063
55064
55066
55068
55071
5510
55104
55107
55108
55111
55114
55125
55176
55189
55191
55192
55193
55194
55195
55197
55199
55200
55201
55203
55205
55208
55210
55217
5522
55229
55230
55231
55232
55234
55235
55236
55238
55240
55241
55242
55245
55246
5526
55261
55262
55265
55272
55274
5528
55280
55282
55284
55285
55288
55295
5530
55301
55302
55303
5531
55311
55313
55315
55318
5532
55352
55354
55359
55400
5541
55414
5542
55427
55438
55439
55440
55441
55443
55444
55446
55447
55450
55451
55454
55458
5546
55472
55475
55476
55479
5548
55480
55481
55482
55483
55485
55486
55488
55489
5549
55496
55498
5550
55502
55503
55508
55509
5551
55510
55513
55515
55516
55518
55519
55524
55528
55532
55533
55534
55535
55536
55538
55540
55542
55553
55556
55567
55571
55574
55575
55576
55578
5559
55594
55595
55597
55598
55599
55600
55601
55603
55607
55612
55614
55617
55618
55625
55626
55629
55636
55646
55647
55649
55654
55657
55660
55662
55665
55668
55669
5570
55706
55707
55708
55709
55711
55723
55726
55729
55732
55734
55735
55738
55739
55743
55744
55745
5578
5579
55792
55794
55796
55798
558
5580
55809
5581
55811
55812
55814
55815
55817
5588
55882
55887
55901
55903
55908
55911
55912
55918
55924
55928
55934
5594
55941
55945
55950
55951
55954
55957
5598
55985
55986
55987
5599
560
56000
56007
56024
5603
56033
56034
56035
56036
5604
56040
56043
56045
56050
56053
56073
56075
56077
56078
56079
56096
56106
56113
56114
56119
56120
56123
56124
56125
56127
56129
56130
56134
56135
56142
56143
56145
56147
56154
56164
56166
56169
5617
56171
56175
56181
56183
5619
56193
56200
5622
56228
56231
56233
56234
56237
56239
56240
56242
56243
56244
56245
56247
56259
56263
56266
5627
56272
56274
56277
56280
56287
56292
56293
56295
5630
56300
56302
56326
56328
56331
56337
56353
56371
56372
56378
56380
56401
56404
56409
56411
56415
56417
56421
56422
56425
5643
56434
5644
56446
56448
56450
56452
56454
56459
5646
56464
56465
56468
56469
5647
56470
56471
56472
5648
56486
56488
56490
56496
56501
56508
56516
56517
56545
56546
56556
56559
56560
56561
56566
56570
56578
56584
56586
56593
56597
5660
56601
56602
56606
56613
56621
56622
5663
56633
56634
56642
56646
56647
56649
56662
56663
56664
56673
56675
56677
56678
56679
5668
56681
56682
56683
56684
56691
56695
56700
56702
56709
56716
56724
56747
56751
56754
56755
56758
56765
56775
56794
56796
56801
56802
56804
56806
56807
56809
5686
56866
56870
56876
56890
56892
56895
56897
56898
56902
56919
56921
56927
56951
56956
56962
56972
56976
56994
57012
57014
57015
57016
57017
57018
57019
57020
57021
57023
57024
57025
5704
57045
57047
57048
5708
57088
57091
57095
57126
57127
57131
57132
57133
57139
57145
57151
57153
5716
57166
57167
5717
57174
57177
57179
57182
57185
57186
57189
5719
57197
57199
57200
57203
57204
57205
57208
57211
57215
57249
57255
57266
57272
57274
57276
57277
57280
57282
57286
57290
57292
57295
57297
573
57305
57306
57311
57314
57346
57347
57366
57370
57373
57385
5740
57412
57413
57414
57435
57436
57437
57439
5744
57440
57441
57442
57447
57448
5745
57455
57456
57461
57462
57463
57465
57468
57473
57483
57496
5750
57509
57510
57511
5752
57531
5754
57546
57548
57564
57566
5757
57583
57586
57590
57594
57597
57598
5760
57608
57612
57617
57628
57632
57636
57639
57642
57645
57650
57654
57658
57664
57674
57675
57679
57683
57688
57689
57690
57692
57693
57698
57709
5771
57714
57719
57740
57741
57745
5775
57753
57754
57764
57765
57766
5777
57770
57775
57780
57785
57786
57787
57788
5779
57790
57792
57793
578
5780
57800
57801
57802
57805
57806
57810
57811
57812
57814
57824
57828
57833
57835
57838
57839
57842
57843
57916
57928
57937
57938
57944
57945
57948
57949
57950
57953
57957
57958
57959
57961
57962
57963
57964
57965
57966
57967
57968
57969
57970
57971
57973
57977
57978
57984
57994
5803
58043
58048
58055
58056
5806
58065
58066
58067
58071
58072
58074
58080
58089
58097
58098
58099
58102
58103
58105
58106
58107
5811
58116
58122
58140
58141
58143
58146
58148
58149
58150
58151
58152
58154
58155
58164
58166
5817
58180
58186
58191
58192
58195
58197
58204
58221
58222
58223
58227
58234
58241
58255
58258
58259
58261
58263
58285
5829
58304
58306
58308
58313
58314
58316
5832
58329
58333
58337
58339
5834
58364
5837
58370
58373
58377
58379
58389
58391
58393
58395
58396
58397
58403
58404
58407
58408
58414
58416
58417
58419
5842
58422
58423
58424
58425
58427
58428
58429
58431
58433
58434
58436
58437
58439
5844
58444
58447
5845
58450
58456
58458
58470
58473
5848
5849
58490
58491
58492
58494
58496
585
5850
58507
5851
58510
58519
5852
58520
58522
58523
58527
58533
58534
58536
58538
5855
5856
5859
5860
5861
5862
5863
58633
58637
58638
5864
58643
58649
58650
58654
58656
58657
5866
58662
58663
58667
58670
58674
58679
58680
58689
58693
58705
58710
58717
5872
58726
58727
5873
58730
58732
58734
58736
58737
58745
58746
58747
58748
58749
58792
58793
58800
58803
58805
58807
58813
58814
58815
58816
58817
58818
58819
58820
58821
58822
58823
58826
5883
58830
58846
58850
58854
58865
58866
58873
58875
58876
58877
58879
5888
58880
58881
58882
58898
589
58901
58907
58908
5891
5892
58975
58976
58978
58986
58990
59065
59068
59070
59072
59073
59076
59086
59104
59105
59109
5911
59117
59119
59121
59122
59123
59124
59129
59134
59137
59138
59141
59144
59148
59158
59177
59182
59184
59197
59198
59199
59213
59215
59219
59222
59227
59228
59229
59230
59233
59234
59235
59236
59240
59242
59246
59247
5925
59251
59256
59258
59264
59269
59287
59288
59289
59293
59294
59295
59296
59300
59303
59308
59309
59357
59359
59361
59362
59373
5938
59382
59383
59398
59401
59409
59416
59417
5943
5944
59442
59450
59452
59453
59455
5946
59461
5947
59471
59493
59513
59515
59523
59524
59533
59535
59541
59549
59555
59558
59559
59560
59561
59563
59565
59566
59567
59568
59569
59570
59573
59574
59580
59582
59583
59585
59589
59590
59591
59596
59600
59606
59608
5961
5968
59697
5971
59715
59717
5972
59720
59722
59740
59744
59754
5976
59762
5977
59771
59774
59777
59779
59781
59783
59799
59800
59801
59802
59804
59805
59806
5981
59811
59812
59821
59831
59840
59844
59857
59858
5986
59860
59864
59865
59867
59868
59869
59881
59882
59887
59889
5989
59895
5990
59906
59907
59908
59911
59913
59914
59916
59917
59920
59921
59922
59923
59924
59926
59927
59929
59931
59932
59934
59935
59938
59942
59947
5995
59951
59959
5996
59969
59971
59972
59973
5998
59996
600
60008
60009
60010
60018
60028
60029
60030
60031
60032
60034
60037
60039
60047
60050
60052
60072
60076
60077
6008
60081
60082
60086
60087
60088
6009
60093
60104
60105
60106
60116
60118
60120
60123
60124
60126
60128
6013
60141
60142
60143
60148
6015
60155
60158
60159
60160
60163
60165
60166
60181
60182
60183
6019
60190
60194
60195
60196
60197
60200
60204
60207
60212
60214
60216
60218
60220
60221
60222
60228
60229
60230
60231
60233
60236
60238
60239
60243
60248
60260
60267
6027
60273
60277
60278
6028
6029
60295
60297
60298
603
60306
60307
60310
60312
60315
60316
60322
60326
6033
60341
60350
60369
60370
60374
60376
60380
60383
60389
6039
60394
60410
60416
60417
60428
60437
6044
60458
6046
60460
60462
6047
60476
60477
60479
60481
60482
60483
60489
6049
60490
60497
60498
6050
60500
60501
6051
60549
60551
60553
60575
60581
60582
60584
60585
60586
60588
60589
60597
60601
60603
60604
60605
60617
60621
60627
60628
60629
60630
60644
60649
60650
60651
60652
60653
60654
60656
60658
6066
60660
6067
60677
60683
60684
60687
60689
6069
60692
60693
60704
60718
60719
6072
60720
60723
60724
60736
60737
6074
60742
60761
60772
60773
60774
60780
60781
60786
60796
6081
60850
60851
60853
60855
60862
60866
60874
60875
60877
6088
60880
60883
6089
6091
6092
60957
60958
60959
60962
6097
60979
60981
60990
60991
60995
61001
61004
61014
61015
61020
61021
61024
61025
61028
61029
6103
61031
61034
61039
61041
61062
6109
61101
61108
61109
61113
61114
61115
61116
61117
61118
6114
6115
61162
61163
61165
61167
61168
61169
61171
61172
61175
61179
61180
61182
61183
61185
61186
61187
6119
61190
61191
61196
61197
61204
61212
61213
61214
61219
6122
61221
61222
61225
61226
61233
61235
6124
61242
61244
6125
61261
61262
6127
61281
61289
6129
61290
61293
61297
61302
61304
61306
61308
61309
61310
61315
61316
61318
6132
61320
61321
61322
61328
61329
61332
61336
61337
61346
61349
6135
6137
61378
6138
61380
61381
61387
61388
61390
61398
6140
61401
6141
61419
61421
6143
6144
61440
61442
61456
61457
6146
61460
61461
61465
61469
6147
61470
61478
61503
61508
61510
61523
61524
6156
61597
61599
61610
61613
61626
61627
61632
61644
61646
61648
61650
61658
61661
61663
61664
61665
61668
6168
61691
61693
61697
61699
6170
61713
61716
6172
61726
61728
61730
6174
61747
61749
61751
61752
61754
61757
61758
61759
61761
61762
61763
61765
61766
61767
61771
61772
61773
61775
61780
61781
61783
61784
61785
61786
61788
61791
61792
61793
61794
61795
61797
61799
61801
61805
61809
6181
61814
61816
61817
6182
61820
61830
61831
61832
61833
6184
61847
61869
61894
61898
61899
61901
61902
61907
61923
61927
61929
61930
61932
61934
61943
61944
61948
61950
61952
61954
61955
61956
61965
61966
61967
61969
61970
61971
61972
61977
61982
61984
61987
6199
61991
61993
61997
62001
62010
62015
62016
62017
62018
62022
6205
62088
62092
62095
62097
62100
62101
62103
62105
62106
62108
6212
6215
62156
62162
62164
62175
62179
62189
6219
62195
62197
62199
6220
62201
62204
62210
62212
62224
62232
6224
6225
62254
62256
62257
62264
62265
62266
62268
62281
62287
62288
6229
62291
62293
62301
62309
62314
62320
62321
62323
62325
62326
62328
62337
62345
6235
62352
62356
62358
6236
62362
62363
62364
6237
62379
6238
62386
62395
62426
62427
62429
62431
62434
62435
62438
62439
62440
62463
62464
62467
62469
62474
62478
62481
62486
62487
62488
62491
62495
62498
6250
62500
6251
6252
62524
62526
62528
62529
62531
62533
62534
62541
6255
62561
62562
62563
62564
62565
62567
62568
6257
62575
62576
62577
6258
62580
62585
62586
62587
62589
62590
62591
62592
62595
62598
6260
62600
62605
62609
62610
62613
62614
62619
62643
62644
62646
62647
6266
62667
62669
62673
62678
62680
62685
62690
62696
62698
62703
62707
62711
62735
62752
62753
62764
62769
62772
6278
62813
62817
62836
62840
62842
62844
62845
62856
62857
62860
62870
62888
6289
62892
62897
62909
6291
62910
62911
62913
62914
62919
62940
62946
62948
62950
62952
62953
62954
62955
62957
62959
62961
62963
62964
6297
62997
62998
63
630
63002
63004
63014
6302
63021
63022
63029
6303
63031
63033
63034
63037
63038
6304
63040
63043
63044
63045
63046
63050
63051
63056
63058
63059
6306
63062
63063
63064
63065
63071
63072
63081
6309
6310
6311
6312
63166
63167
63170
63173
63174
63175
63177
63179
63184
63186
63187
63188
63192
63195
632
63211
63221
63222
63228
63229
6323
63231
63234
63235
63237
63238
63239
6324
63241
63242
63246
63256
6326
63261
63266
63267
63270
63273
63284
63286
63287
63288
63289
63313
63334
63338
63346
63348
63349
63350
63351
63352
63358
63361
63369
63370
63380
63381
63382
63388
63390
6341
63416
63418
63419
63421
63423
63424
63425
63427
63429
63430
63436
63438
63447
63459
63461
63462
63463
63466
63469
63475
63494
63495
63498
63502
63505
63508
63510
63525
63528
63530
63531
63533
63534
63535
63536
63546
63571
63572
63575
63576
63577
63579
63580
63627
63628
63644
63652
63666
63667
63668
63669
63670
63695
63702
63712
63716
6372
63726
63727
63729
63730
63751
63757
63758
63759
6376
63764
63790
63792
63793
63794
63801
63805
63807
6382
63834
63839
63840
63843
63845
63857
63858
63860
63861
63862
63865
63866
63867
63868
63869
63878
63879
63898
63899
63900
63901
63906
63907
63911
63913
63917
63923
63925
63926
63927
63929
63930
63933
63935
63936
63938
63940
63941
63942
63954
63962
63963
6397
63970
63983
63984
63987
63990
6400
6401
64028
64029
64032
64038
64039
6404
64045
64046
64049
64052
64075
64078
64079
64082
64086
64094
6410
64108
64110
64113
64114
6412
64127
6413
64133
64139
64142
64149
64156
64160
64178
6418
64186
64187
64188
64189
64190
64192
64193
64194
64195
64196
642
6420
64201
64202
64204
64211
64214
64216
6422
6423
64242
64247
64250
64279
64282
64325
64326
64328
6433
64338
64343
64344
64348
64349
6435
64351
64357
64359
6436
64360
64362
64363
6437
64371
6439
6440
6441
64417
64418
6442
64421
64425
6443
64430
64434
64438
64441
64443
64444
64448
6445
64451
64453
6446
6447
6448
64480
64484
6449
64493
6450
64508
6451
64512
64516
64518
64519
6452
64520
64521
64525
64526
64528
6453
64530
64533
64535
6454
64544
64547
64548
64551
64552
6457
6458
64581
64584
64586
64587
64589
64592
64593
64594
646
6460
64608
6461
6462
64621
64623
64629
64633
64635
64636
64642
64643
64647
64654
64656
64659
64660
64686
64691
64694
64695
64696
64697
647
64700
64702
64705
64709
64710
64712
64715
64716
64717
64718
64719
64721
64728
64731
64732
64739
64743
64759
6476
64760
64772
64773
64778
64779
64780
64781
64789
64790
64791
64792
64807
64808
64810
64813
64819
64827
64829
64835
64836
64838
64839
64844
64846
64882
64884
649
64909
64911
64924
64930
64931
64951
64956
6496
64962
64963
64965
64975
64980
64983
64986
64991
64992
65
650
6500
65000
65002
65013
65016
65024
65034
65039
6504
65040
65043
65045
65046
65047
65048
65050
65059
6506
65063
65064
65068
65086
6509
65094
65095
65096
65097
651
65106
65107
65111
65119
65125
65126
65128
65129
65131
65133
65134
65147
65153
65155
65156
65159
65162
65164
6517
65177
65182
65184
65199
65202
65205
65207
65209
65216
65219
65221
65222
65227
65228
65230
65232
65234
65239
65240
65255
65256
65257
65258
6526
65263
65288
65289
65291
65292
65293
65294
65298
65299
653
6530
65302
65304
65305
65306
65319
6532
65321
65323
65324
65325
65327
65328
6533
65330
65332
65333
6534
65348
65349
65350
65355
65357
65358
6536
65362
65369
65371
65372
65381
65382
65386
6539
65395
654
65403
65405
65407
6541
65411
65413
65414
65416
6542
65426
6543
65439
6544
65441
65445
65448
6545
65452
65454
65470
65473
65474
65475
65476
6548
65480
65481
6549
6550
65507
6551
65510
65512
65513
65515
65516
6552
65537
65538
6554
65540
65542
65547
65553
65554
65557
65559
65562
65564
65566
6557
65572
65584
65585
65588
65597
65600
65633
65634
65636
65637
65639
65642
65643
65645
65647
65648
65649
65651
65678
65680
65685
65688
657
65705
65707
65710
65711
65712
65713
65714
65715
65717
65718
65720
65721
65732
65733
65735
65736
65737
65739
65740
65741
65743
65745
65746
65747
65748
65749
65750
65751
65752
65753
65757
65773
65775
65779
65796
658
65801
65812
65815
65816
65817
65832
65833
65839
65853
65854
65857
65860
65863
65867
65868
65869
6587
65872
65873
65874
65875
65876
65877
65884
65889
65890
65897
65898
65903
65909
65926
65932
65945
65951
65953
65955
65959
65962
65963
65971
65974
65976
65977
65979
65983
65984
65993
65997
66003
66004
66009
66020
66022
66026
66032
66038
6604
66040
66041
66051
66052
66055
66058
66060
66067
66069
6607
66071
66072
66075
6608
66096
661
66108
6611
66112
66113
6612
66128
66130
6614
66140
66143
66144
66151
66154
66156
66160
6617
66179
66183
66185
66191
66199
662
66200
66203
66226
66228
66229
66238
66239
6624
66242
66247
6625
66254
66256
66259
66260
66262
66263
66268
6627
66278
66279
66284
66288
66292
66303
66308
66315
66318
66323
66326
66331
66339
66343
66344
66349
66353
66354
66355
66365
66366
66367
66372
66373
66374
66377
66378
66381
66385
66387
66388
66390
66391
66392
66393
66395
6640
66403
66406
66407
66414
66423
66424
6643
66438
66443
66446
66449
6645
66456
66459
66460
66461
66464
66468
66473
6649
6650
66515
66516
66532
66542
66545
6655
66555
66556
66559
66563
66565
66569
6657
66572
66577
66581
6660
66602
66608
6661
66610
66611
66613
66627
66628
66630
66660
6667
66690
66691
66696
66697
66698
66701
66703
66707
66710
66714
66735
66736
66737
6674
6675
6676
66761
66762
66763
66764
66765
66766
66772
66776
66777
66782
6684
66844
6685
66852
66856
66857
66858
66859
66860
66861
66864
66865
66866
6687
66870
66871
66873
66876
66884
66885
66894
66895
6690
66905
6691
66922
66927
66930
66933
66941
66943
66945
66951
66952
66955
66959
66960
66962
66963
66964
66965
66967
66973
66982
66983
66984
66985
66989
66992
66993
66994
66995
66997
66998
67000
67001
67002
67003
67005
67006
67007
67011
67015
67016
6702
67021
67026
67027
67035
67036
67040
67043
6705
67051
67053
6706
67061
67065
67068
67078
67081
67092
67097
67101
67103
67107
67119
67120
67121
67149
67151
67198
67201
67205
6721
67210
67211
67213
67215
67216
67219
6722
67225
67226
67227
67228
67229
67232
67233
67234
6725
67260
67262
6727
6729
67297
67300
67312
67318
67319
6732
67323
67341
67345
67348
67349
67350
67351
67352
67355
67356
67360
67368
67369
67372
67373
67375
67376
67381
67382
67383
67385
67386
67388
67390
67393
67395
67397
67399
67406
67407
67410
67413
67415
67416
67418
67419
67422
67428
67432
67436
67446
67447
67450
67456
67457
67467
67481
67484
67486
6749
67490
6751
6752
6753
67542
67548
6755
6756
67578
67583
67586
67591
6760
67604
6762
67621
6763
67636
6764
67645
67646
6765
67651
67654
67656
6766
6767
67674
6768
67684
67702
67704
67705
67706
67707
67710
67711
67712
67720
67721
67722
67723
67724
67725
67728
67731
67732
67734
67767
67768
6778
67780
67785
67798
67799
67801
67802
67856
67857
6786
67865
67866
67868
6787
67876
6788
67883
67893
67894
67903
67904
6791
6792
67942
67943
67946
6795
67959
67960
67961
67970
67975
67976
6798
67988
6799
67992
67996
67997
68002
68003
68005
68006
68010
68014
68015
68024
68025
68027
68028
68030
68035
68036
68039
68040
68042
68045
68047
68049
6805
68051
68075
68077
68079
6808
68094
68097
6814
68142
68143
68145
68155
68160
68162
68188
68196
68201
68202
68203
68204
68229
68230
68231
68240
68241
68242
68264
68276
68278
68330
68331
68332
68333
68335
68341
68342
68344
68345
68364
68369
68371
68381
68383
68389
684
68412
68441
68447
68449
68465
68471
68478
68480
68491
68493
68496
68497
68498
685
68500
68506
68507
68515
68524
68539
68540
68542
68544
68545
68560
68562
68563
68577
68579
68585
68586
68587
68588
68589
68590
68598
686
68602
68604
68608
68623
68664
68666
68669
68672
68675
68676
68678
68680
68681
68683
68685
68688
68692
68724
68727
68729
68731
68732
68733
68734
68737
68738
68739
68740
68742
68744
68747
68756
68765
68767
68779
68797
68802
68812
68815
68816
68817
68818
68819
68823
68827
68832
68834
68836
68837
68840
68844
68848
68849
68859
68864
6887
68882
68883
68888
68896
68897
6891
68914
6892
68920
68922
6893
68941
68944
68955
68956
68961
68962
68965
68968
68972
6898
68983
6899
68990
68995
68996
68997
69
6901
6903
69035
6904
69044
69046
69048
69053
69056
69059
69062
69063
69067
69068
6907
69071
69072
69074
69081
691
69100
69102
69110
69111
69118
69119
69120
69127
69129
69139
6914
69143
69144
69145
69148
69149
69150
69151
69173
69180
69182
69184
69185
69199
69208
6921
69213
69215
69218
69223
69224
69227
6923
69230
69245
69247
6925
69252
6926
69280
69282
69284
69286
69288
693
6930
69314
69318
69324
69327
69332
69334
69335
69347
69350
69354
69356
69358
69363
69364
69369
69371
69374
69378
69380
69381
69384
69386
69388
69389
69396
69397
69398
69399
694
69401
69406
69409
6941
69416
6942
69422
69437
69438
69439
69440
69441
69442
69446
69447
6945
69450
69452
69456
69457
69458
69459
69470
6948
6949
69492
69494
69495
69496
69497
69499
6950
69503
69504
69510
69516
69518
6952
6953
69537
69539
6954
69551
69552
69558
6956
69561
69569
6957
69584
69595
69605
69606
6961
69612
69613
6962
69621
69631
69634
69649
6965
69650
69658
69659
6966
69661
69662
6967
69670
69671
69679
6968
69680
69681
69684
69685
69686
69687
69688
69689
6969
69715
6972
69724
69725
69727
69728
69729
6973
6974
69742
69743
69744
69747
69753
69758
6976
69761
69764
6978
6979
69798
69800
69801
69803
69804
69806
6981
6982
69839
69845
69846
69854
69855
69856
69857
69858
6986
69860
69861
69862
69864
69865
69872
69876
69877
69878
69879
69880
69881
69884
69885
69886
69888
6989
69893
69897
69899
6990
69905
69906
69908
69909
69919
6992
69920
69921
69927
69928
69932
69933
69935
69937
69938
69939
69941
69949
69955
69957
69959
69965
69971
69972
69990
69991
69992
69994
69995
69996
69997
69998
700
70001
70003
70004
70007
70010
70018
70022
70033
70045
70046
70048
70049
70077
70078
70079
70083
70088
70089
70092
70095
70096
70098
701
70101
70109
70118
70121
70122
70128
70133
70134
70138
70141
70142
70144
70145
70146
70150
70151
70152
70154
70167
70168
70169
70170
70171
70172
70176
70178
70181
70182
70184
70185
70187
70188
70189
70190
70191
70192
70250
70268
7027
70277
70278
70290
70312
70317
70324
70325
70328
70330
70336
7034
70349
70350
70351
70362
70363
70364
70367
70368
70369
7037
70383
70384
70386
70387
70391
70394
70406
70408
70410
70411
70412
70413
70414
70415
70416
70417
70418
7044
7045
70451
70457
7046
70462
70464
70468
70472
70473
70475
70479
70480
70482
70484
70486
70487
7049
70499
705
7050
70501
70509
7051
70510
70514
70519
70521
70527
70528
70531
70559
70578
70587
70588
70599
70603
70612
70618
7062
70620
70622
7063
7064
70640
70641
70643
70646
70650
70651
70652
70664
70665
70669
70672
70673
70679
7068
70680
70681
70685
70688
7069
70690
70692
70693
70700
70702
70706
70714
7072
70723
70724
70727
70733
70734
70738
70744
70750
70751
70754
70777
70786
70791
70812
70813
70814
70818
70819
70820
70831
70837
70843
70844
70846
70847
70856
70858
70860
70861
70863
70877
70883
70884
70886
70887
70890
70892
70895
70905
70910
70925
70934
70961
70963
70964
70977
70978
70979
70983
70989
70990
70994
71000
71009
7102
7103
7104
71044
71060
71061
71063
71064
71066
71069
71070
71071
71074
71078
71080
71083
7109
71092
71094
71097
71099
71101
71102
71103
71104
71112
71113
71114
71118
71119
7112
71125
71126
71139
7114
71142
71144
71145
71152
71155
71156
7117
71173
71175
71179
71182
71193
7120
71202
71203
71204
71206
71210
71211
71218
71220
71223
71231
71232
71237
71240
71242
71243
71246
71247
71248
71249
71250
71268
71271
71286
71287
71298
71299
71300
71302
71305
71309
71312
71315
71320
71333
71340
71346
71355
71357
71366
71367
71368
71369
71370
71379
71389
71391
71393
71394
71414
71419
71434
71444
71445
71448
71449
71450
71451
71452
71453
71456
71457
71467
71473
71477
71482
71489
71491
71493
71494
71501
71507
71508
71509
71517
71522
71526
71530
71567
71568
71575
71577
71582
71591
71593
71595
71606
71612
71614
71615
71649
71668
71669
71672
71673
71674
71675
71677
71679
71683
71684
71706
71708
71713
71714
71720
71726
71728
71730
71732
71747
71749
71761
71769
71802
71804
71810
71812
71814
71818
71819
71821
71822
71823
71825
71826
71829
71832
71833
71841
71849
71858
71866
71873
7188
71901
71904
71907
71909
7191
71910
71911
71912
71914
71916
71920
71925
71926
7193
71931
71932
71933
71934
71936
7194
7195
71965
71967
71968
72010
72013
7202
72021
72029
72039
7204
72047
72055
72064
72066
72069
72072
72073
72074
72075
72079
7209
7212
72137
72138
72139
72140
72141
72143
72144
72147
72155
72156
72157
72158
72159
72163
72168
72169
72170
72171
72172
72173
72174
72176
72184
72186
7220
72208
72211
72212
72218
7222
7230
7232
7238
7239
7240
7241
7250
7251
7253
7254
7263
7270
7277
7278
728
7281
7283
7284
7286
7288
7289
7293
7296
7297
7299
7301
7302
7303
7305
7306
7307
7321
7326
7327
7328
7329
7330
7332
7333
7334
7336
7337
7338
7342
7347
735
7359
7361
7362
7365
7367
7369
7372
7380
7381
7382
7383
7384
7385
7386
7387
7396
7398
7400
7402
7403
7407
7411
742
7420
7423
7425
7429
743
7432
7433
7435
7436
7438
744
7440
7441
7442
7443
7445
7446
7448
7450
7457
7462
7463
7464
7471
7476
7486
7487
7489
7496
7499
7501
7503
7548
755
756
7562
7563
7570
7571
7573
7575
7578
7582
7583
7584
7585
7587
7588
7589
759
7595
7598
760
7600
7607
7612
7619
7628
7630
7632
7634
7635
7637
7641
7642
7643
7645
7652
7653
7654
766
7668
7669
7679
768
7680
7682
7687
7688
7741
7743
7744
7745
7746
7750
7752
7754
7755
7756
7757
7759
7760
7761
7762
777
7778
778
7780
7781
7782
7784
7786
7788
779
7797
7798
781
7817
7824
7825
7828
783
7834
784
7840
7849
7851
7853
7854
7858
786
7865
7866
787
788
7881
7886
790
7908
7909
791
7911
7915
7917
7919
7924
7925
7926
7927
7928
7929
7932
7934
795
7968
7970
7975
7994
7995
8003
8005
8006
8011
8014
8015
8024
8025
8027
8028
8033
8036
8038
8044
805
8058
806
8060
8063
8064
807
809
8098
8101
8108
8109
8127
8128
8129
813
8132
8134
8135
8136
8137
814
8152
8154
8162
8164
8165
8168
8170
8171
8173
8176
8185
8187
8190
8191
8194
8195
8196
8197
8198
8200
8201
8204
8206
8207
8208
8209
8210
8211
8212
8213
823
824
8245
8246
8248
8250
8258
8262
8264
8268
8270
8273
828
8280
8284
8292
8303
8306
8307
8311
8312
8313
8314
8316
832
8333
8334
8335
8342
8343
8345
8349
8351
8355
8357
8358
8364
837
8372
8373
8379
839
8391
8397
8401
841
842
844
8459
8465
8466
8471
8472
8474
8477
848
8486
8488
8498
8502
851
8510
8517
8519
852
8523
8525
8531
8538
8540
8541
856
8563
8564
8565
8567
8568
8571
8572
8577
8579
858
8584
8587
861
8623
8627
8628
8629
863
8640
8641
8647
8656
8661
8662
8667
8675
87
8702
8705
8706
8717
8728
8730
8731
8732
8736
8737
8767
8769
8770
8774
8775
8780
8781
8782
8788
8792
8793
8794
8799
880
8803
881
8814
884
8847
885
8862
8864
8866
8869
8871
8874
888
8881
8882
8891
8892
8893
890
8901
8902
8905
8907
8908
8909
891
8913
8914
8915
8927
8928
8929
893
8930
8931
8933
8938
8943
895
8963
8995
8998
9000
9004
9007
9008
901
9010
9012
9032
9034
9038
9050
9051
9054
9076
9108
9113
9116
9118
9119
9121
9122
9123
9125
9126
9127
9129
9131
9136
9141
9142
9144
9145
9147
9149
9151
9152
9154
9157
9159
9160
9161
9164
9167
9175
9177
9185
9189
9192
9195
9215
9217
9218
9225
9230
9231
9254
9257
9262
9266
9268
9269
927
928
9285
9288
9292
9294
930
9314
9317
9320
9321
9324
9330
9331
9332
9335
9336
9337
934
9340
9342
9345
9347
9349
9351
9354
936
9364
9366
939
9392
9393
9397
9402
9406
9408
9409
9410
9411
9412
9419
9421
9422
9424
945
9458
9459
946
9460
9478
9479
949
9495
9496
9498
9515
9522
9523
9525
9526
9527
9528
9530
9531
9533
9534
9535
9550
9559
9569
9570
9575
9581
9582
9586
9587
9591
9596
9611
9619
9623
9628
9629
963
9630
9631
9633
9634
9635
9637
9638
9646
9647
965
9652
9654
9656
967
9674
9675
9677
9678
9680
9681
9684
9686
9689
9695
9703
9708
971
9715
9716
9724
9726
9729
974
9742
9745
975
9754
9756
976
9761
977
9772
9773
9781
9785
9798
9799
9802
9805
9822
9823
9829
983
984
987
9890
9930
9933
9947
995
9950
9956
9958
9959
9960
9961
9966
9968
998
9982
9983
9985
9987
